43.0	0.32	0.67	0.40
90.34
43.0	0.32	0.67	0.41
90.49
43.0	0.32	0.67	0.42
90.57
43.0	0.32	0.67	0.43
90.54
43.0	0.32	0.67	0.44
90.56
43.0	0.32	0.67	0.45
90.53
43.0	0.32	0.67	0.46
90.53
43.0	0.32	0.67	0.47
90.53
43.0	0.32	0.67	0.48
90.52
43.0	0.32	0.67	0.49
90.49
43.0	0.32	0.67	0.50
90.48
43.0	0.32	0.67	0.51
90.47
43.0	0.32	0.67	0.52
90.46
43.0	0.32	0.67	0.53
90.46
43.0	0.32	0.67	0.54
90.45
43.0	0.32	0.67	0.55
90.50
43.0	0.32	0.67	0.56
90.50
43.0	0.32	0.67	0.57
90.50
43.0	0.32	0.67	0.58
90.47
43.0	0.32	0.67	0.59
90.47
43.0	0.32	0.67	0.60
90.47
43.0	0.32	0.67	0.61
90.45
43.0	0.32	0.67	0.62
90.45
43.0	0.32	0.67	0.63
90.44
43.0	0.32	0.67	0.64
90.46
43.0	0.32	0.67	0.65
90.46
43.0	0.32	0.67	0.66
90.46
43.0	0.32	0.67	0.67
90.43
43.0	0.32	0.67	0.68
90.42
43.0	0.32	0.67	0.69
90.42
43.0	0.32	0.67	0.70
90.42
43.0	0.33	0.67	0.40
90.43
43.0	0.33	0.67	0.41
90.55
43.0	0.33	0.67	0.42
90.64
43.0	0.33	0.67	0.43
90.61
43.0	0.33	0.67	0.44
90.63
43.0	0.33	0.67	0.45
90.59
43.0	0.33	0.67	0.46
90.60
43.0	0.33	0.67	0.47
90.61
43.0	0.33	0.67	0.48
90.59
43.0	0.33	0.67	0.49
90.56
43.0	0.33	0.67	0.50
90.54
43.0	0.33	0.67	0.51
90.54
43.0	0.33	0.67	0.52
90.52
43.0	0.33	0.67	0.53
90.52
43.0	0.33	0.67	0.54
90.55
43.0	0.33	0.67	0.55
90.57
43.0	0.33	0.67	0.56
90.57
43.0	0.33	0.67	0.57
90.57
43.0	0.33	0.67	0.58
90.54
43.0	0.33	0.67	0.59
90.54
43.0	0.33	0.67	0.60
90.55
43.0	0.33	0.67	0.61
90.53
43.0	0.33	0.67	0.62
90.52
43.0	0.33	0.67	0.63
90.52
43.0	0.33	0.67	0.64
90.54
43.0	0.33	0.67	0.65
90.54
43.0	0.33	0.67	0.66
90.55
43.0	0.33	0.67	0.67
90.52
43.0	0.33	0.67	0.68
90.51
43.0	0.33	0.67	0.69
90.51
43.0	0.33	0.67	0.70
90.51
43.0	0.34	0.67	0.40
90.45
43.0	0.34	0.67	0.41
90.55
43.0	0.34	0.67	0.42
90.62
43.0	0.34	0.67	0.43
90.64
43.0	0.34	0.67	0.44
90.64
43.0	0.34	0.67	0.45
90.61
43.0	0.34	0.67	0.46
90.61
43.0	0.34	0.67	0.47
90.62
43.0	0.34	0.67	0.48
90.60
43.0	0.34	0.67	0.49
90.56
43.0	0.34	0.67	0.50
90.55
43.0	0.34	0.67	0.51
90.55
43.0	0.34	0.67	0.52
90.53
43.0	0.34	0.67	0.53
90.53
43.0	0.34	0.67	0.54
90.56
43.0	0.34	0.67	0.55
90.58
43.0	0.34	0.67	0.56
90.58
43.0	0.34	0.67	0.57
90.56
43.0	0.34	0.67	0.58
90.54
43.0	0.34	0.67	0.59
90.54
43.0	0.34	0.67	0.60
90.55
43.0	0.34	0.67	0.61
90.53
43.0	0.34	0.67	0.62
90.53
43.0	0.34	0.67	0.63
90.53
43.0	0.34	0.67	0.64
90.54
43.0	0.34	0.67	0.65
90.54
43.0	0.34	0.67	0.66
90.54
43.0	0.34	0.67	0.67
90.53
43.0	0.34	0.67	0.68
90.53
43.0	0.34	0.67	0.69
90.54
43.0	0.34	0.67	0.70
90.54
43.0	0.35	0.67	0.40
90.52
43.0	0.35	0.67	0.41
90.55
43.0	0.35	0.67	0.42
90.61
43.0	0.35	0.67	0.43
90.65
43.0	0.35	0.67	0.44
90.67
43.0	0.35	0.67	0.45
90.65
43.0	0.35	0.67	0.46
90.65
43.0	0.35	0.67	0.47
90.66
43.0	0.35	0.67	0.48
90.64
43.0	0.35	0.67	0.49
90.60
43.0	0.35	0.67	0.50
90.59
43.0	0.35	0.67	0.51
90.59
43.0	0.35	0.67	0.52
90.58
43.0	0.35	0.67	0.53
90.58
43.0	0.35	0.67	0.54
90.61
43.0	0.35	0.67	0.55
90.63
43.0	0.35	0.67	0.56
90.63
43.0	0.35	0.67	0.57
90.61
43.0	0.35	0.67	0.58
90.60
43.0	0.35	0.67	0.59
90.60
43.0	0.35	0.67	0.60
90.60
43.0	0.35	0.67	0.61
90.58
43.0	0.35	0.67	0.62
90.58
43.0	0.35	0.67	0.63
90.59
43.0	0.35	0.67	0.64
90.59
43.0	0.35	0.67	0.65
90.60
43.0	0.35	0.67	0.66
90.60
43.0	0.35	0.67	0.67
90.60
43.0	0.35	0.67	0.68
90.60
43.0	0.35	0.67	0.69
90.60
43.0	0.35	0.67	0.70
90.59
43.0	0.36	0.67	0.40
90.52
43.0	0.36	0.67	0.41
90.57
43.0	0.36	0.67	0.42
90.61
43.0	0.36	0.67	0.43
90.66
43.0	0.36	0.67	0.44
90.69
43.0	0.36	0.67	0.45
90.66
43.0	0.36	0.67	0.46
90.65
43.0	0.36	0.67	0.47
90.66
43.0	0.36	0.67	0.48
90.67
43.0	0.36	0.67	0.49
90.64
43.0	0.36	0.67	0.50
90.60
43.0	0.36	0.67	0.51
90.60
43.0	0.36	0.67	0.52
90.60
43.0	0.36	0.67	0.53
90.61
43.0	0.36	0.67	0.54
90.63
43.0	0.36	0.67	0.55
90.63
43.0	0.36	0.67	0.56
90.63
43.0	0.36	0.67	0.57
90.61
43.0	0.36	0.67	0.58
90.60
43.0	0.36	0.67	0.59
90.60
43.0	0.36	0.67	0.60
90.61
43.0	0.36	0.67	0.61
90.60
43.0	0.36	0.67	0.62
90.60
43.0	0.36	0.67	0.63
90.61
43.0	0.36	0.67	0.64
90.62
43.0	0.36	0.67	0.65
90.61
43.0	0.36	0.67	0.66
90.61
43.0	0.36	0.67	0.67
90.61
43.0	0.36	0.67	0.68
90.61
43.0	0.36	0.67	0.69
90.61
43.0	0.36	0.67	0.70
90.59
43.0	0.37	0.67	0.40
90.52
43.0	0.37	0.67	0.41
90.55
43.0	0.37	0.67	0.42
90.55
43.0	0.37	0.67	0.43
90.58
43.0	0.37	0.67	0.44
90.60
43.0	0.37	0.67	0.45
90.57
43.0	0.37	0.67	0.46
90.57
43.0	0.37	0.67	0.47
90.55
43.0	0.37	0.67	0.48
90.55
43.0	0.37	0.67	0.49
90.54
43.0	0.37	0.67	0.50
90.54
43.0	0.37	0.67	0.51
90.54
43.0	0.37	0.67	0.52
90.55
43.0	0.37	0.67	0.53
90.55
43.0	0.37	0.67	0.54
90.54
43.0	0.37	0.67	0.55
90.56
43.0	0.37	0.67	0.56
90.56
43.0	0.37	0.67	0.57
90.55
43.0	0.37	0.67	0.58
90.56
43.0	0.37	0.67	0.59
90.56
43.0	0.37	0.67	0.60
90.57
43.0	0.37	0.67	0.61
90.56
43.0	0.37	0.67	0.62
90.56
43.0	0.37	0.67	0.63
90.57
43.0	0.37	0.67	0.64
90.58
43.0	0.37	0.67	0.65
90.57
43.0	0.37	0.67	0.66
90.56
43.0	0.37	0.67	0.67
90.56
43.0	0.37	0.67	0.68
90.56
43.0	0.37	0.67	0.69
90.56
43.0	0.37	0.67	0.70
90.54
43.0	0.38	0.67	0.40
90.47
43.0	0.38	0.67	0.41
90.51
43.0	0.38	0.67	0.42
90.51
43.0	0.38	0.67	0.43
90.51
43.0	0.38	0.67	0.44
90.53
43.0	0.38	0.67	0.45
90.50
43.0	0.38	0.67	0.46
90.50
43.0	0.38	0.67	0.47
90.49
43.0	0.38	0.67	0.48
90.48
43.0	0.38	0.67	0.49
90.47
43.0	0.38	0.67	0.50
90.47
43.0	0.38	0.67	0.51
90.46
43.0	0.38	0.67	0.52
90.48
43.0	0.38	0.67	0.53
90.48
43.0	0.38	0.67	0.54
90.48
43.0	0.38	0.67	0.55
90.49
43.0	0.38	0.67	0.56
90.50
43.0	0.38	0.67	0.57
90.48
43.0	0.38	0.67	0.58
90.49
43.0	0.38	0.67	0.59
90.49
43.0	0.38	0.67	0.60
90.48
43.0	0.38	0.67	0.61
90.50
43.0	0.38	0.67	0.62
90.50
43.0	0.38	0.67	0.63
90.50
43.0	0.38	0.67	0.64
90.51
43.0	0.38	0.67	0.65
90.51
43.0	0.38	0.67	0.66
90.50
43.0	0.38	0.67	0.67
90.50
43.0	0.38	0.67	0.68
90.50
43.0	0.38	0.67	0.69
90.50
43.0	0.38	0.67	0.70
90.48
43.0	0.39	0.67	0.40
90.39
43.0	0.39	0.67	0.41
90.43
43.0	0.39	0.67	0.42
90.43
43.0	0.39	0.67	0.43
90.43
43.0	0.39	0.67	0.44
90.45
43.0	0.39	0.67	0.45
90.44
43.0	0.39	0.67	0.46
90.44
43.0	0.39	0.67	0.47
90.42
43.0	0.39	0.67	0.48
90.43
43.0	0.39	0.67	0.49
90.42
43.0	0.39	0.67	0.50
90.41
43.0	0.39	0.67	0.51
90.40
43.0	0.39	0.67	0.52
90.42
43.0	0.39	0.67	0.53
90.42
43.0	0.39	0.67	0.54
90.42
43.0	0.39	0.67	0.55
90.43
43.0	0.39	0.67	0.56
90.45
43.0	0.39	0.67	0.57
90.44
43.0	0.39	0.67	0.58
90.43
43.0	0.39	0.67	0.59
90.43
43.0	0.39	0.67	0.60
90.42
43.0	0.39	0.67	0.61
90.42
43.0	0.39	0.67	0.62
90.43
43.0	0.39	0.67	0.63
90.43
43.0	0.39	0.67	0.64
90.43
43.0	0.39	0.67	0.65
90.42
43.0	0.39	0.67	0.66
90.42
43.0	0.39	0.67	0.67
90.42
43.0	0.39	0.67	0.68
90.42
43.0	0.39	0.67	0.69
90.43
43.0	0.39	0.67	0.70
90.41
43.0	0.40	0.67	0.40
90.33
43.0	0.40	0.67	0.41
90.39
43.0	0.40	0.67	0.42
90.39
43.0	0.40	0.67	0.43
90.39
43.0	0.40	0.67	0.44
90.40
43.0	0.40	0.67	0.45
90.40
43.0	0.40	0.67	0.46
90.36
43.0	0.40	0.67	0.47
90.37
43.0	0.40	0.67	0.48
90.38
43.0	0.40	0.67	0.49
90.37
43.0	0.40	0.67	0.50
90.36
43.0	0.40	0.67	0.51
90.36
43.0	0.40	0.67	0.52
90.36
43.0	0.40	0.67	0.53
90.38
43.0	0.40	0.67	0.54
90.38
43.0	0.40	0.67	0.55
90.39
43.0	0.40	0.67	0.56
90.41
43.0	0.40	0.67	0.57
90.40
43.0	0.40	0.67	0.58
90.39
43.0	0.40	0.67	0.59
90.38
43.0	0.40	0.67	0.60
90.38
43.0	0.40	0.67	0.61
90.38
43.0	0.40	0.67	0.62
90.39
43.0	0.40	0.67	0.63
90.39
43.0	0.40	0.67	0.64
90.39
43.0	0.40	0.67	0.65
90.39
43.0	0.40	0.67	0.66
90.39
43.0	0.40	0.67	0.67
90.39
43.0	0.40	0.67	0.68
90.39
43.0	0.40	0.67	0.69
90.39
43.0	0.40	0.67	0.70
90.37
43.0	0.41	0.67	0.40
90.19
43.0	0.41	0.67	0.41
90.23
43.0	0.41	0.67	0.42
90.26
43.0	0.41	0.67	0.43
90.26
43.0	0.41	0.67	0.44
90.30
43.0	0.41	0.67	0.45
90.31
43.0	0.41	0.67	0.46
90.28
43.0	0.41	0.67	0.47
90.29
43.0	0.41	0.67	0.48
90.29
43.0	0.41	0.67	0.49
90.29
43.0	0.41	0.67	0.50
90.28
43.0	0.41	0.67	0.51
90.27
43.0	0.41	0.67	0.52
90.29
43.0	0.41	0.67	0.53
90.31
43.0	0.41	0.67	0.54
90.31
43.0	0.41	0.67	0.55
90.31
43.0	0.41	0.67	0.56
90.32
43.0	0.41	0.67	0.57
90.30
43.0	0.41	0.67	0.58
90.29
43.0	0.41	0.67	0.59
90.28
43.0	0.41	0.67	0.60
90.28
43.0	0.41	0.67	0.61
90.28
43.0	0.41	0.67	0.62
90.30
43.0	0.41	0.67	0.63
90.30
43.0	0.41	0.67	0.64
90.29
43.0	0.41	0.67	0.65
90.29
43.0	0.41	0.67	0.66
90.29
43.0	0.41	0.67	0.67
90.29
43.0	0.41	0.67	0.68
90.29
43.0	0.41	0.67	0.69
90.29
43.0	0.41	0.67	0.70
90.30
43.0	0.42	0.67	0.40
89.98
43.0	0.42	0.67	0.41
90.03
43.0	0.42	0.67	0.42
90.05
43.0	0.42	0.67	0.43
90.05
43.0	0.42	0.67	0.44
90.08
43.0	0.42	0.67	0.45
90.09
43.0	0.42	0.67	0.46
90.09
43.0	0.42	0.67	0.47
90.10
43.0	0.42	0.67	0.48
90.10
43.0	0.42	0.67	0.49
90.11
43.0	0.42	0.67	0.50
90.10
43.0	0.42	0.67	0.51
90.09
43.0	0.42	0.67	0.52
90.13
43.0	0.42	0.67	0.53
90.12
43.0	0.42	0.67	0.54
90.12
43.0	0.42	0.67	0.55
90.12
43.0	0.42	0.67	0.56
90.12
43.0	0.42	0.67	0.57
90.10
43.0	0.42	0.67	0.58
90.08
43.0	0.42	0.67	0.59
90.08
43.0	0.42	0.67	0.60
90.08
43.0	0.42	0.67	0.61
90.08
43.0	0.42	0.67	0.62
90.10
43.0	0.42	0.67	0.63
90.10
43.0	0.42	0.67	0.64
90.10
43.0	0.42	0.67	0.65
90.09
43.0	0.42	0.67	0.66
90.10
43.0	0.42	0.67	0.67
90.10
43.0	0.42	0.67	0.68
90.10
43.0	0.42	0.67	0.69
90.12
43.0	0.42	0.67	0.70
90.12
43.0	0.43	0.67	0.40
89.79
43.0	0.43	0.67	0.41
89.84
43.0	0.43	0.67	0.42
89.87
43.0	0.43	0.67	0.43
89.92
43.0	0.43	0.67	0.44
89.94
43.0	0.43	0.67	0.45
89.94
43.0	0.43	0.67	0.46
89.93
43.0	0.43	0.67	0.47
89.95
43.0	0.43	0.67	0.48
89.96
43.0	0.43	0.67	0.49
89.96
43.0	0.43	0.67	0.50
89.93
43.0	0.43	0.67	0.51
89.95
43.0	0.43	0.67	0.52
89.97
43.0	0.43	0.67	0.53
89.97
43.0	0.43	0.67	0.54
89.97
43.0	0.43	0.67	0.55
89.96
43.0	0.43	0.67	0.56
89.96
43.0	0.43	0.67	0.57
89.94
43.0	0.43	0.67	0.58
89.93
43.0	0.43	0.67	0.59
89.93
43.0	0.43	0.67	0.60
89.93
43.0	0.43	0.67	0.61
89.93
43.0	0.43	0.67	0.62
89.94
43.0	0.43	0.67	0.63
89.94
43.0	0.43	0.67	0.64
89.95
43.0	0.43	0.67	0.65
89.94
43.0	0.43	0.67	0.66
89.95
43.0	0.43	0.67	0.67
89.96
43.0	0.43	0.67	0.68
89.96
43.0	0.43	0.67	0.69
89.96
43.0	0.43	0.67	0.70
89.96
43.0	0.44	0.67	0.40
89.61
43.0	0.44	0.67	0.41
89.67
43.0	0.44	0.67	0.42
89.73
43.0	0.44	0.67	0.43
89.76
43.0	0.44	0.67	0.44
89.78
43.0	0.44	0.67	0.45
89.79
43.0	0.44	0.67	0.46
89.79
43.0	0.44	0.67	0.47
89.82
43.0	0.44	0.67	0.48
89.82
43.0	0.44	0.67	0.49
89.82
43.0	0.44	0.67	0.50
89.83
43.0	0.44	0.67	0.51
89.85
43.0	0.44	0.67	0.52
89.85
43.0	0.44	0.67	0.53
89.85
43.0	0.44	0.67	0.54
89.85
43.0	0.44	0.67	0.55
89.83
43.0	0.44	0.67	0.56
89.84
43.0	0.44	0.67	0.57
89.82
43.0	0.44	0.67	0.58
89.81
43.0	0.44	0.67	0.59
89.81
43.0	0.44	0.67	0.60
89.81
43.0	0.44	0.67	0.61
89.81
43.0	0.44	0.67	0.62
89.83
43.0	0.44	0.67	0.63
89.82
43.0	0.44	0.67	0.64
89.83
43.0	0.44	0.67	0.65
89.83
43.0	0.44	0.67	0.66
89.84
43.0	0.44	0.67	0.67
89.83
43.0	0.44	0.67	0.68
89.83
43.0	0.44	0.67	0.69
89.84
43.0	0.44	0.67	0.70
89.84
43.0	0.45	0.67	0.40
89.43
43.0	0.45	0.67	0.41
89.51
43.0	0.45	0.67	0.42
89.54
43.0	0.45	0.67	0.43
89.58
43.0	0.45	0.67	0.44
89.61
43.0	0.45	0.67	0.45
89.63
43.0	0.45	0.67	0.46
89.62
43.0	0.45	0.67	0.47
89.67
43.0	0.45	0.67	0.48
89.67
43.0	0.45	0.67	0.49
89.67
43.0	0.45	0.67	0.50
89.66
43.0	0.45	0.67	0.51
89.67
43.0	0.45	0.67	0.52
89.67
43.0	0.45	0.67	0.53
89.67
43.0	0.45	0.67	0.54
89.67
43.0	0.45	0.67	0.55
89.67
43.0	0.45	0.67	0.56
89.68
43.0	0.45	0.67	0.57
89.67
43.0	0.45	0.67	0.58
89.65
43.0	0.45	0.67	0.59
89.65
43.0	0.45	0.67	0.60
89.65
43.0	0.45	0.67	0.61
89.65
43.0	0.45	0.67	0.62
89.66
43.0	0.45	0.67	0.63
89.65
43.0	0.45	0.67	0.64
89.66
43.0	0.45	0.67	0.65
89.66
43.0	0.45	0.67	0.66
89.67
43.0	0.45	0.67	0.67
89.67
43.0	0.45	0.67	0.68
89.67
43.0	0.45	0.67	0.69
89.68
43.0	0.45	0.67	0.70
89.68
43.1	0.32	0.67	0.40
90.35
43.1	0.32	0.67	0.41
90.50
43.1	0.32	0.67	0.42
90.58
43.1	0.32	0.67	0.43
90.55
43.1	0.32	0.67	0.44
90.57
43.1	0.32	0.67	0.45
90.54
43.1	0.32	0.67	0.46
90.54
43.1	0.32	0.67	0.47
90.54
43.1	0.32	0.67	0.48
90.53
43.1	0.32	0.67	0.49
90.50
43.1	0.32	0.67	0.50
90.49
43.1	0.32	0.67	0.51
90.48
43.1	0.32	0.67	0.52
90.47
43.1	0.32	0.67	0.53
90.47
43.1	0.32	0.67	0.54
90.46
43.1	0.32	0.67	0.55
90.51
43.1	0.32	0.67	0.56
90.51
43.1	0.32	0.67	0.57
90.51
43.1	0.32	0.67	0.58
90.48
43.1	0.32	0.67	0.59
90.48
43.1	0.32	0.67	0.60
90.48
43.1	0.32	0.67	0.61
90.46
43.1	0.32	0.67	0.62
90.46
43.1	0.32	0.67	0.63
90.45
43.1	0.32	0.67	0.64
90.47
43.1	0.32	0.67	0.65
90.47
43.1	0.32	0.67	0.66
90.47
43.1	0.32	0.67	0.67
90.44
43.1	0.32	0.67	0.68
90.43
43.1	0.32	0.67	0.69
90.43
43.1	0.32	0.67	0.70
90.43
43.1	0.33	0.67	0.40
90.44
43.1	0.33	0.67	0.41
90.56
43.1	0.33	0.67	0.42
90.65
43.1	0.33	0.67	0.43
90.62
43.1	0.33	0.67	0.44
90.64
43.1	0.33	0.67	0.45
90.60
43.1	0.33	0.67	0.46
90.61
43.1	0.33	0.67	0.47
90.62
43.1	0.33	0.67	0.48
90.60
43.1	0.33	0.67	0.49
90.57
43.1	0.33	0.67	0.50
90.55
43.1	0.33	0.67	0.51
90.55
43.1	0.33	0.67	0.52
90.53
43.1	0.33	0.67	0.53
90.53
43.1	0.33	0.67	0.54
90.56
43.1	0.33	0.67	0.55
90.58
43.1	0.33	0.67	0.56
90.58
43.1	0.33	0.67	0.57
90.58
43.1	0.33	0.67	0.58
90.55
43.1	0.33	0.67	0.59
90.55
43.1	0.33	0.67	0.60
90.56
43.1	0.33	0.67	0.61
90.54
43.1	0.33	0.67	0.62
90.53
43.1	0.33	0.67	0.63
90.53
43.1	0.33	0.67	0.64
90.55
43.1	0.33	0.67	0.65
90.55
43.1	0.33	0.67	0.66
90.56
43.1	0.33	0.67	0.67
90.53
43.1	0.33	0.67	0.68
90.52
43.1	0.33	0.67	0.69
90.52
43.1	0.33	0.67	0.70
90.52
43.1	0.34	0.67	0.40
90.46
43.1	0.34	0.67	0.41
90.56
43.1	0.34	0.67	0.42
90.63
43.1	0.34	0.67	0.43
90.65
43.1	0.34	0.67	0.44
90.65
43.1	0.34	0.67	0.45
90.62
43.1	0.34	0.67	0.46
90.62
43.1	0.34	0.67	0.47
90.63
43.1	0.34	0.67	0.48
90.61
43.1	0.34	0.67	0.49
90.58
43.1	0.34	0.67	0.50
90.56
43.1	0.34	0.67	0.51
90.56
43.1	0.34	0.67	0.52
90.54
43.1	0.34	0.67	0.53
90.54
43.1	0.34	0.67	0.54
90.57
43.1	0.34	0.67	0.55
90.59
43.1	0.34	0.67	0.56
90.59
43.1	0.34	0.67	0.57
90.57
43.1	0.34	0.67	0.58
90.55
43.1	0.34	0.67	0.59
90.55
43.1	0.34	0.67	0.60
90.56
43.1	0.34	0.67	0.61
90.54
43.1	0.34	0.67	0.62
90.54
43.1	0.34	0.67	0.63
90.54
43.1	0.34	0.67	0.64
90.55
43.1	0.34	0.67	0.65
90.55
43.1	0.34	0.67	0.66
90.55
43.1	0.34	0.67	0.67
90.54
43.1	0.34	0.67	0.68
90.54
43.1	0.34	0.67	0.69
90.55
43.1	0.34	0.67	0.70
90.55
43.1	0.35	0.67	0.40
90.53
43.1	0.35	0.67	0.41
90.56
43.1	0.35	0.67	0.42
90.62
43.1	0.35	0.67	0.43
90.66
43.1	0.35	0.67	0.44
90.68
43.1	0.35	0.67	0.45
90.66
43.1	0.35	0.67	0.46
90.66
43.1	0.35	0.67	0.47
90.67
43.1	0.35	0.67	0.48
90.65
43.1	0.35	0.67	0.49
90.61
43.1	0.35	0.67	0.50
90.60
43.1	0.35	0.67	0.51
90.60
43.1	0.35	0.67	0.52
90.59
43.1	0.35	0.67	0.53
90.59
43.1	0.35	0.67	0.54
90.62
43.1	0.35	0.67	0.55
90.64
43.1	0.35	0.67	0.56
90.64
43.1	0.35	0.67	0.57
90.62
43.1	0.35	0.67	0.58
90.61
43.1	0.35	0.67	0.59
90.61
43.1	0.35	0.67	0.60
90.61
43.1	0.35	0.67	0.61
90.59
43.1	0.35	0.67	0.62
90.59
43.1	0.35	0.67	0.63
90.60
43.1	0.35	0.67	0.64
90.60
43.1	0.35	0.67	0.65
90.61
43.1	0.35	0.67	0.66
90.61
43.1	0.35	0.67	0.67
90.61
43.1	0.35	0.67	0.68
90.61
43.1	0.35	0.67	0.69
90.61
43.1	0.35	0.67	0.70
90.60
43.1	0.36	0.67	0.40
90.53
43.1	0.36	0.67	0.41
90.58
43.1	0.36	0.67	0.42
90.62
43.1	0.36	0.67	0.43
90.67
43.1	0.36	0.67	0.44
90.70
43.1	0.36	0.67	0.45
90.67
43.1	0.36	0.67	0.46
90.66
43.1	0.36	0.67	0.47
90.67
43.1	0.36	0.67	0.48
90.68
43.1	0.36	0.67	0.49
90.65
43.1	0.36	0.67	0.50
90.61
43.1	0.36	0.67	0.51
90.61
43.1	0.36	0.67	0.52
90.61
43.1	0.36	0.67	0.53
90.62
43.1	0.36	0.67	0.54
90.64
43.1	0.36	0.67	0.55
90.64
43.1	0.36	0.67	0.56
90.64
43.1	0.36	0.67	0.57
90.62
43.1	0.36	0.67	0.58
90.61
43.1	0.36	0.67	0.59
90.61
43.1	0.36	0.67	0.60
90.62
43.1	0.36	0.67	0.61
90.61
43.1	0.36	0.67	0.62
90.61
43.1	0.36	0.67	0.63
90.62
43.1	0.36	0.67	0.64
90.63
43.1	0.36	0.67	0.65
90.62
43.1	0.36	0.67	0.66
90.62
43.1	0.36	0.67	0.67
90.62
43.1	0.36	0.67	0.68
90.62
43.1	0.36	0.67	0.69
90.62
43.1	0.36	0.67	0.70
90.60
43.1	0.37	0.67	0.40
90.53
43.1	0.37	0.67	0.41
90.56
43.1	0.37	0.67	0.42
90.56
43.1	0.37	0.67	0.43
90.59
43.1	0.37	0.67	0.44
90.61
43.1	0.37	0.67	0.45
90.58
43.1	0.37	0.67	0.46
90.58
43.1	0.37	0.67	0.47
90.56
43.1	0.37	0.67	0.48
90.56
43.1	0.37	0.67	0.49
90.55
43.1	0.37	0.67	0.50
90.55
43.1	0.37	0.67	0.51
90.55
43.1	0.37	0.67	0.52
90.56
43.1	0.37	0.67	0.53
90.56
43.1	0.37	0.67	0.54
90.55
43.1	0.37	0.67	0.55
90.57
43.1	0.37	0.67	0.56
90.57
43.1	0.37	0.67	0.57
90.56
43.1	0.37	0.67	0.58
90.57
43.1	0.37	0.67	0.59
90.57
43.1	0.37	0.67	0.60
90.58
43.1	0.37	0.67	0.61
90.57
43.1	0.37	0.67	0.62
90.57
43.1	0.37	0.67	0.63
90.58
43.1	0.37	0.67	0.64
90.59
43.1	0.37	0.67	0.65
90.58
43.1	0.37	0.67	0.66
90.57
43.1	0.37	0.67	0.67
90.57
43.1	0.37	0.67	0.68
90.57
43.1	0.37	0.67	0.69
90.57
43.1	0.37	0.67	0.70
90.55
43.1	0.38	0.67	0.40
90.48
43.1	0.38	0.67	0.41
90.52
43.1	0.38	0.67	0.42
90.52
43.1	0.38	0.67	0.43
90.52
43.1	0.38	0.67	0.44
90.54
43.1	0.38	0.67	0.45
90.51
43.1	0.38	0.67	0.46
90.51
43.1	0.38	0.67	0.47
90.50
43.1	0.38	0.67	0.48
90.49
43.1	0.38	0.67	0.49
90.48
43.1	0.38	0.67	0.50
90.48
43.1	0.38	0.67	0.51
90.47
43.1	0.38	0.67	0.52
90.49
43.1	0.38	0.67	0.53
90.49
43.1	0.38	0.67	0.54
90.49
43.1	0.38	0.67	0.55
90.50
43.1	0.38	0.67	0.56
90.51
43.1	0.38	0.67	0.57
90.49
43.1	0.38	0.67	0.58
90.50
43.1	0.38	0.67	0.59
90.50
43.1	0.38	0.67	0.60
90.49
43.1	0.38	0.67	0.61
90.51
43.1	0.38	0.67	0.62
90.51
43.1	0.38	0.67	0.63
90.51
43.1	0.38	0.67	0.64
90.52
43.1	0.38	0.67	0.65
90.52
43.1	0.38	0.67	0.66
90.51
43.1	0.38	0.67	0.67
90.51
43.1	0.38	0.67	0.68
90.51
43.1	0.38	0.67	0.69
90.51
43.1	0.38	0.67	0.70
90.49
43.1	0.39	0.67	0.40
90.40
43.1	0.39	0.67	0.41
90.44
43.1	0.39	0.67	0.42
90.44
43.1	0.39	0.67	0.43
90.44
43.1	0.39	0.67	0.44
90.46
43.1	0.39	0.67	0.45
90.45
43.1	0.39	0.67	0.46
90.45
43.1	0.39	0.67	0.47
90.43
43.1	0.39	0.67	0.48
90.44
43.1	0.39	0.67	0.49
90.43
43.1	0.39	0.67	0.50
90.42
43.1	0.39	0.67	0.51
90.41
43.1	0.39	0.67	0.52
90.43
43.1	0.39	0.67	0.53
90.43
43.1	0.39	0.67	0.54
90.43
43.1	0.39	0.67	0.55
90.44
43.1	0.39	0.67	0.56
90.46
43.1	0.39	0.67	0.57
90.45
43.1	0.39	0.67	0.58
90.44
43.1	0.39	0.67	0.59
90.44
43.1	0.39	0.67	0.60
90.43
43.1	0.39	0.67	0.61
90.43
43.1	0.39	0.67	0.62
90.44
43.1	0.39	0.67	0.63
90.44
43.1	0.39	0.67	0.64
90.44
43.1	0.39	0.67	0.65
90.43
43.1	0.39	0.67	0.66
90.43
43.1	0.39	0.67	0.67
90.43
43.1	0.39	0.67	0.68
90.43
43.1	0.39	0.67	0.69
90.44
43.1	0.39	0.67	0.70
90.42
43.1	0.40	0.67	0.40
90.34
43.1	0.40	0.67	0.41
90.40
43.1	0.40	0.67	0.42
90.40
43.1	0.40	0.67	0.43
90.40
43.1	0.40	0.67	0.44
90.41
43.1	0.40	0.67	0.45
90.41
43.1	0.40	0.67	0.46
90.37
43.1	0.40	0.67	0.47
90.38
43.1	0.40	0.67	0.48
90.39
43.1	0.40	0.67	0.49
90.38
43.1	0.40	0.67	0.50
90.38
43.1	0.40	0.67	0.51
90.37
43.1	0.40	0.67	0.52
90.37
43.1	0.40	0.67	0.53
90.39
43.1	0.40	0.67	0.54
90.39
43.1	0.40	0.67	0.55
90.40
43.1	0.40	0.67	0.56
90.43
43.1	0.40	0.67	0.57
90.41
43.1	0.40	0.67	0.58
90.40
43.1	0.40	0.67	0.59
90.39
43.1	0.40	0.67	0.60
90.39
43.1	0.40	0.67	0.61
90.39
43.1	0.40	0.67	0.62
90.40
43.1	0.40	0.67	0.63
90.40
43.1	0.40	0.67	0.64
90.40
43.1	0.40	0.67	0.65
90.40
43.1	0.40	0.67	0.66
90.40
43.1	0.40	0.67	0.67
90.40
43.1	0.40	0.67	0.68
90.40
43.1	0.40	0.67	0.69
90.40
43.1	0.40	0.67	0.70
90.38
43.1	0.41	0.67	0.40
90.20
43.1	0.41	0.67	0.41
90.24
43.1	0.41	0.67	0.42
90.27
43.1	0.41	0.67	0.43
90.27
43.1	0.41	0.67	0.44
90.31
43.1	0.41	0.67	0.45
90.32
43.1	0.41	0.67	0.46
90.29
43.1	0.41	0.67	0.47
90.30
43.1	0.41	0.67	0.48
90.30
43.1	0.41	0.67	0.49
90.30
43.1	0.41	0.67	0.50
90.29
43.1	0.41	0.67	0.51
90.28
43.1	0.41	0.67	0.52
90.30
43.1	0.41	0.67	0.53
90.32
43.1	0.41	0.67	0.54
90.32
43.1	0.41	0.67	0.55
90.32
43.1	0.41	0.67	0.56
90.33
43.1	0.41	0.67	0.57
90.31
43.1	0.41	0.67	0.58
90.30
43.1	0.41	0.67	0.59
90.29
43.1	0.41	0.67	0.60
90.29
43.1	0.41	0.67	0.61
90.29
43.1	0.41	0.67	0.62
90.31
43.1	0.41	0.67	0.63
90.31
43.1	0.41	0.67	0.64
90.30
43.1	0.41	0.67	0.65
90.30
43.1	0.41	0.67	0.66
90.30
43.1	0.41	0.67	0.67
90.30
43.1	0.41	0.67	0.68
90.30
43.1	0.41	0.67	0.69
90.30
43.1	0.41	0.67	0.70
90.31
43.1	0.42	0.67	0.40
89.99
43.1	0.42	0.67	0.41
90.04
43.1	0.42	0.67	0.42
90.06
43.1	0.42	0.67	0.43
90.07
43.1	0.42	0.67	0.44
90.09
43.1	0.42	0.67	0.45
90.10
43.1	0.42	0.67	0.46
90.10
43.1	0.42	0.67	0.47
90.11
43.1	0.42	0.67	0.48
90.11
43.1	0.42	0.67	0.49
90.12
43.1	0.42	0.67	0.50
90.11
43.1	0.42	0.67	0.51
90.10
43.1	0.42	0.67	0.52
90.14
43.1	0.42	0.67	0.53
90.13
43.1	0.42	0.67	0.54
90.13
43.1	0.42	0.67	0.55
90.13
43.1	0.42	0.67	0.56
90.13
43.1	0.42	0.67	0.57
90.11
43.1	0.42	0.67	0.58
90.09
43.1	0.42	0.67	0.59
90.09
43.1	0.42	0.67	0.60
90.09
43.1	0.42	0.67	0.61
90.09
43.1	0.42	0.67	0.62
90.11
43.1	0.42	0.67	0.63
90.11
43.1	0.42	0.67	0.64
90.11
43.1	0.42	0.67	0.65
90.10
43.1	0.42	0.67	0.66
90.11
43.1	0.42	0.67	0.67
90.11
43.1	0.42	0.67	0.68
90.11
43.1	0.42	0.67	0.69
90.13
43.1	0.42	0.67	0.70
90.13
43.1	0.43	0.67	0.40
89.80
43.1	0.43	0.67	0.41
89.85
43.1	0.43	0.67	0.42
89.88
43.1	0.43	0.67	0.43
89.93
43.1	0.43	0.67	0.44
89.95
43.1	0.43	0.67	0.45
89.95
43.1	0.43	0.67	0.46
89.94
43.1	0.43	0.67	0.47
89.96
43.1	0.43	0.67	0.48
89.97
43.1	0.43	0.67	0.49
89.97
43.1	0.43	0.67	0.50
89.94
43.1	0.43	0.67	0.51
89.97
43.1	0.43	0.67	0.52
89.99
43.1	0.43	0.67	0.53
89.98
43.1	0.43	0.67	0.54
89.98
43.1	0.43	0.67	0.55
89.97
43.1	0.43	0.67	0.56
89.97
43.1	0.43	0.67	0.57
89.95
43.1	0.43	0.67	0.58
89.94
43.1	0.43	0.67	0.59
89.94
43.1	0.43	0.67	0.60
89.94
43.1	0.43	0.67	0.61
89.94
43.1	0.43	0.67	0.62
89.95
43.1	0.43	0.67	0.63
89.95
43.1	0.43	0.67	0.64
89.96
43.1	0.43	0.67	0.65
89.95
43.1	0.43	0.67	0.66
89.96
43.1	0.43	0.67	0.67
89.97
43.1	0.43	0.67	0.68
89.97
43.1	0.43	0.67	0.69
89.97
43.1	0.43	0.67	0.70
89.97
43.1	0.44	0.67	0.40
89.62
43.1	0.44	0.67	0.41
89.68
43.1	0.44	0.67	0.42
89.74
43.1	0.44	0.67	0.43
89.78
43.1	0.44	0.67	0.44
89.79
43.1	0.44	0.67	0.45
89.80
43.1	0.44	0.67	0.46
89.80
43.1	0.44	0.67	0.47
89.83
43.1	0.44	0.67	0.48
89.83
43.1	0.44	0.67	0.49
89.83
43.1	0.44	0.67	0.50
89.85
43.1	0.44	0.67	0.51
89.86
43.1	0.44	0.67	0.52
89.86
43.1	0.44	0.67	0.53
89.86
43.1	0.44	0.67	0.54
89.86
43.1	0.44	0.67	0.55
89.84
43.1	0.44	0.67	0.56
89.85
43.1	0.44	0.67	0.57
89.83
43.1	0.44	0.67	0.58
89.82
43.1	0.44	0.67	0.59
89.82
43.1	0.44	0.67	0.60
89.82
43.1	0.44	0.67	0.61
89.82
43.1	0.44	0.67	0.62
89.84
43.1	0.44	0.67	0.63
89.83
43.1	0.44	0.67	0.64
89.84
43.1	0.44	0.67	0.65
89.84
43.1	0.44	0.67	0.66
89.85
43.1	0.44	0.67	0.67
89.84
43.1	0.44	0.67	0.68
89.84
43.1	0.44	0.67	0.69
89.85
43.1	0.44	0.67	0.70
89.85
43.1	0.45	0.67	0.40
89.44
43.1	0.45	0.67	0.41
89.53
43.1	0.45	0.67	0.42
89.55
43.1	0.45	0.67	0.43
89.60
43.1	0.45	0.67	0.44
89.62
43.1	0.45	0.67	0.45
89.64
43.1	0.45	0.67	0.46
89.63
43.1	0.45	0.67	0.47
89.68
43.1	0.45	0.67	0.48
89.68
43.1	0.45	0.67	0.49
89.68
43.1	0.45	0.67	0.50
89.67
43.1	0.45	0.67	0.51
89.69
43.1	0.45	0.67	0.52
89.69
43.1	0.45	0.67	0.53
89.69
43.1	0.45	0.67	0.54
89.69
43.1	0.45	0.67	0.55
89.68
43.1	0.45	0.67	0.56
89.69
43.1	0.45	0.67	0.57
89.68
43.1	0.45	0.67	0.58
89.66
43.1	0.45	0.67	0.59
89.66
43.1	0.45	0.67	0.60
89.66
43.1	0.45	0.67	0.61
89.66
43.1	0.45	0.67	0.62
89.67
43.1	0.45	0.67	0.63
89.66
43.1	0.45	0.67	0.64
89.68
43.1	0.45	0.67	0.65
89.68
43.1	0.45	0.67	0.66
89.69
43.1	0.45	0.67	0.67
89.68
43.1	0.45	0.67	0.68
89.68
43.1	0.45	0.67	0.69
89.69
43.1	0.45	0.67	0.70
89.69
43.2	0.32	0.67	0.40
90.34
43.2	0.32	0.67	0.41
90.50
43.2	0.32	0.67	0.42
90.57
43.2	0.32	0.67	0.43
90.54
43.2	0.32	0.67	0.44
90.57
43.2	0.32	0.67	0.45
90.53
43.2	0.32	0.67	0.46
90.54
43.2	0.32	0.67	0.47
90.53
43.2	0.32	0.67	0.48
90.52
43.2	0.32	0.67	0.49
90.49
43.2	0.32	0.67	0.50
90.48
43.2	0.32	0.67	0.51
90.47
43.2	0.32	0.67	0.52
90.46
43.2	0.32	0.67	0.53
90.46
43.2	0.32	0.67	0.54
90.46
43.2	0.32	0.67	0.55
90.50
43.2	0.32	0.67	0.56
90.50
43.2	0.32	0.67	0.57
90.50
43.2	0.32	0.67	0.58
90.47
43.2	0.32	0.67	0.59
90.47
43.2	0.32	0.67	0.60
90.47
43.2	0.32	0.67	0.61
90.45
43.2	0.32	0.67	0.62
90.45
43.2	0.32	0.67	0.63
90.44
43.2	0.32	0.67	0.64
90.46
43.2	0.32	0.67	0.65
90.46
43.2	0.32	0.67	0.66
90.46
43.2	0.32	0.67	0.67
90.43
43.2	0.32	0.67	0.68
90.42
43.2	0.32	0.67	0.69
90.42
43.2	0.32	0.67	0.70
90.42
43.2	0.33	0.67	0.40
90.43
43.2	0.33	0.67	0.41
90.55
43.2	0.33	0.67	0.42
90.64
43.2	0.33	0.67	0.43
90.62
43.2	0.33	0.67	0.44
90.63
43.2	0.33	0.67	0.45
90.59
43.2	0.33	0.67	0.46
90.61
43.2	0.33	0.67	0.47
90.61
43.2	0.33	0.67	0.48
90.59
43.2	0.33	0.67	0.49
90.56
43.2	0.33	0.67	0.50
90.54
43.2	0.33	0.67	0.51
90.54
43.2	0.33	0.67	0.52
90.52
43.2	0.33	0.67	0.53
90.52
43.2	0.33	0.67	0.54
90.55
43.2	0.33	0.67	0.55
90.57
43.2	0.33	0.67	0.56
90.57
43.2	0.33	0.67	0.57
90.57
43.2	0.33	0.67	0.58
90.54
43.2	0.33	0.67	0.59
90.54
43.2	0.33	0.67	0.60
90.55
43.2	0.33	0.67	0.61
90.53
43.2	0.33	0.67	0.62
90.52
43.2	0.33	0.67	0.63
90.52
43.2	0.33	0.67	0.64
90.54
43.2	0.33	0.67	0.65
90.54
43.2	0.33	0.67	0.66
90.55
43.2	0.33	0.67	0.67
90.52
43.2	0.33	0.67	0.68
90.51
43.2	0.33	0.67	0.69
90.51
43.2	0.33	0.67	0.70
90.51
43.2	0.34	0.67	0.40
90.45
43.2	0.34	0.67	0.41
90.55
43.2	0.34	0.67	0.42
90.62
43.2	0.34	0.67	0.43
90.64
43.2	0.34	0.67	0.44
90.64
43.2	0.34	0.67	0.45
90.61
43.2	0.34	0.67	0.46
90.61
43.2	0.34	0.67	0.47
90.62
43.2	0.34	0.67	0.48
90.60
43.2	0.34	0.67	0.49
90.57
43.2	0.34	0.67	0.50
90.55
43.2	0.34	0.67	0.51
90.55
43.2	0.34	0.67	0.52
90.53
43.2	0.34	0.67	0.53
90.53
43.2	0.34	0.67	0.54
90.56
43.2	0.34	0.67	0.55
90.58
43.2	0.34	0.67	0.56
90.58
43.2	0.34	0.67	0.57
90.56
43.2	0.34	0.67	0.58
90.54
43.2	0.34	0.67	0.59
90.54
43.2	0.34	0.67	0.60
90.55
43.2	0.34	0.67	0.61
90.53
43.2	0.34	0.67	0.62
90.53
43.2	0.34	0.67	0.63
90.53
43.2	0.34	0.67	0.64
90.54
43.2	0.34	0.67	0.65
90.54
43.2	0.34	0.67	0.66
90.54
43.2	0.34	0.67	0.67
90.53
43.2	0.34	0.67	0.68
90.53
43.2	0.34	0.67	0.69
90.54
43.2	0.34	0.67	0.70
90.54
43.2	0.35	0.67	0.40
90.52
43.2	0.35	0.67	0.41
90.55
43.2	0.35	0.67	0.42
90.62
43.2	0.35	0.67	0.43
90.65
43.2	0.35	0.67	0.44
90.67
43.2	0.35	0.67	0.45
90.65
43.2	0.35	0.67	0.46
90.65
43.2	0.35	0.67	0.47
90.66
43.2	0.35	0.67	0.48
90.64
43.2	0.35	0.67	0.49
90.60
43.2	0.35	0.67	0.50
90.59
43.2	0.35	0.67	0.51
90.59
43.2	0.35	0.67	0.52
90.58
43.2	0.35	0.67	0.53
90.58
43.2	0.35	0.67	0.54
90.61
43.2	0.35	0.67	0.55
90.63
43.2	0.35	0.67	0.56
90.63
43.2	0.35	0.67	0.57
90.61
43.2	0.35	0.67	0.58
90.60
43.2	0.35	0.67	0.59
90.60
43.2	0.35	0.67	0.60
90.60
43.2	0.35	0.67	0.61
90.58
43.2	0.35	0.67	0.62
90.58
43.2	0.35	0.67	0.63
90.59
43.2	0.35	0.67	0.64
90.59
43.2	0.35	0.67	0.65
90.60
43.2	0.35	0.67	0.66
90.60
43.2	0.35	0.67	0.67
90.60
43.2	0.35	0.67	0.68
90.60
43.2	0.35	0.67	0.69
90.60
43.2	0.35	0.67	0.70
90.59
43.2	0.36	0.67	0.40
90.53
43.2	0.36	0.67	0.41
90.58
43.2	0.36	0.67	0.42
90.62
43.2	0.36	0.67	0.43
90.67
43.2	0.36	0.67	0.44
90.70
43.2	0.36	0.67	0.45
90.67
43.2	0.36	0.67	0.46
90.66
43.2	0.36	0.67	0.47
90.67
43.2	0.36	0.67	0.48
90.68
43.2	0.36	0.67	0.49
90.65
43.2	0.36	0.67	0.50
90.61
43.2	0.36	0.67	0.51
90.61
43.2	0.36	0.67	0.52
90.61
43.2	0.36	0.67	0.53
90.62
43.2	0.36	0.67	0.54
90.64
43.2	0.36	0.67	0.55
90.64
43.2	0.36	0.67	0.56
90.64
43.2	0.36	0.67	0.57
90.62
43.2	0.36	0.67	0.58
90.61
43.2	0.36	0.67	0.59
90.61
43.2	0.36	0.67	0.60
90.62
43.2	0.36	0.67	0.61
90.61
43.2	0.36	0.67	0.62
90.61
43.2	0.36	0.67	0.63
90.62
43.2	0.36	0.67	0.64
90.63
43.2	0.36	0.67	0.65
90.62
43.2	0.36	0.67	0.66
90.62
43.2	0.36	0.67	0.67
90.62
43.2	0.36	0.67	0.68
90.62
43.2	0.36	0.67	0.69
90.62
43.2	0.36	0.67	0.70
90.60
43.2	0.37	0.67	0.40
90.53
43.2	0.37	0.67	0.41
90.56
43.2	0.37	0.67	0.42
90.56
43.2	0.37	0.67	0.43
90.59
43.2	0.37	0.67	0.44
90.61
43.2	0.37	0.67	0.45
90.58
43.2	0.37	0.67	0.46
90.58
43.2	0.37	0.67	0.47
90.56
43.2	0.37	0.67	0.48
90.56
43.2	0.37	0.67	0.49
90.55
43.2	0.37	0.67	0.50
90.55
43.2	0.37	0.67	0.51
90.55
43.2	0.37	0.67	0.52
90.56
43.2	0.37	0.67	0.53
90.56
43.2	0.37	0.67	0.54
90.55
43.2	0.37	0.67	0.55
90.57
43.2	0.37	0.67	0.56
90.57
43.2	0.37	0.67	0.57
90.56
43.2	0.37	0.67	0.58
90.57
43.2	0.37	0.67	0.59
90.57
43.2	0.37	0.67	0.60
90.58
43.2	0.37	0.67	0.61
90.57
43.2	0.37	0.67	0.62
90.57
43.2	0.37	0.67	0.63
90.58
43.2	0.37	0.67	0.64
90.59
43.2	0.37	0.67	0.65
90.58
43.2	0.37	0.67	0.66
90.57
43.2	0.37	0.67	0.67
90.57
43.2	0.37	0.67	0.68
90.57
43.2	0.37	0.67	0.69
90.57
43.2	0.37	0.67	0.70
90.55
43.2	0.38	0.67	0.40
90.48
43.2	0.38	0.67	0.41
90.52
43.2	0.38	0.67	0.42
90.52
43.2	0.38	0.67	0.43
90.52
43.2	0.38	0.67	0.44
90.54
43.2	0.38	0.67	0.45
90.51
43.2	0.38	0.67	0.46
90.51
43.2	0.38	0.67	0.47
90.50
43.2	0.38	0.67	0.48
90.49
43.2	0.38	0.67	0.49
90.48
43.2	0.38	0.67	0.50
90.48
43.2	0.38	0.67	0.51
90.47
43.2	0.38	0.67	0.52
90.49
43.2	0.38	0.67	0.53
90.49
43.2	0.38	0.67	0.54
90.49
43.2	0.38	0.67	0.55
90.50
43.2	0.38	0.67	0.56
90.51
43.2	0.38	0.67	0.57
90.49
43.2	0.38	0.67	0.58
90.50
43.2	0.38	0.67	0.59
90.50
43.2	0.38	0.67	0.60
90.49
43.2	0.38	0.67	0.61
90.51
43.2	0.38	0.67	0.62
90.51
43.2	0.38	0.67	0.63
90.51
43.2	0.38	0.67	0.64
90.52
43.2	0.38	0.67	0.65
90.52
43.2	0.38	0.67	0.66
90.51
43.2	0.38	0.67	0.67
90.51
43.2	0.38	0.67	0.68
90.51
43.2	0.38	0.67	0.69
90.51
43.2	0.38	0.67	0.70
90.49
43.2	0.39	0.67	0.40
90.40
43.2	0.39	0.67	0.41
90.44
43.2	0.39	0.67	0.42
90.44
43.2	0.39	0.67	0.43
90.44
43.2	0.39	0.67	0.44
90.46
43.2	0.39	0.67	0.45
90.45
43.2	0.39	0.67	0.46
90.45
43.2	0.39	0.67	0.47
90.43
43.2	0.39	0.67	0.48
90.44
43.2	0.39	0.67	0.49
90.43
43.2	0.39	0.67	0.50
90.42
43.2	0.39	0.67	0.51
90.41
43.2	0.39	0.67	0.52
90.43
43.2	0.39	0.67	0.53
90.43
43.2	0.39	0.67	0.54
90.43
43.2	0.39	0.67	0.55
90.44
43.2	0.39	0.67	0.56
90.46
43.2	0.39	0.67	0.57
90.45
43.2	0.39	0.67	0.58
90.44
43.2	0.39	0.67	0.59
90.44
43.2	0.39	0.67	0.60
90.43
43.2	0.39	0.67	0.61
90.43
43.2	0.39	0.67	0.62
90.44
43.2	0.39	0.67	0.63
90.44
43.2	0.39	0.67	0.64
90.44
43.2	0.39	0.67	0.65
90.43
43.2	0.39	0.67	0.66
90.43
43.2	0.39	0.67	0.67
90.43
43.2	0.39	0.67	0.68
90.43
43.2	0.39	0.67	0.69
90.44
43.2	0.39	0.67	0.70
90.42
43.2	0.40	0.67	0.40
90.34
43.2	0.40	0.67	0.41
90.40
43.2	0.40	0.67	0.42
90.40
43.2	0.40	0.67	0.43
90.40
43.2	0.40	0.67	0.44
90.41
43.2	0.40	0.67	0.45
90.41
43.2	0.40	0.67	0.46
90.37
43.2	0.40	0.67	0.47
90.38
43.2	0.40	0.67	0.48
90.39
43.2	0.40	0.67	0.49
90.38
43.2	0.40	0.67	0.50
90.38
43.2	0.40	0.67	0.51
90.37
43.2	0.40	0.67	0.52
90.37
43.2	0.40	0.67	0.53
90.39
43.2	0.40	0.67	0.54
90.39
43.2	0.40	0.67	0.55
90.40
43.2	0.40	0.67	0.56
90.43
43.2	0.40	0.67	0.57
90.41
43.2	0.40	0.67	0.58
90.40
43.2	0.40	0.67	0.59
90.39
43.2	0.40	0.67	0.60
90.39
43.2	0.40	0.67	0.61
90.39
43.2	0.40	0.67	0.62
90.40
43.2	0.40	0.67	0.63
90.40
43.2	0.40	0.67	0.64
90.40
43.2	0.40	0.67	0.65
90.40
43.2	0.40	0.67	0.66
90.40
43.2	0.40	0.67	0.67
90.40
43.2	0.40	0.67	0.68
90.40
43.2	0.40	0.67	0.69
90.40
43.2	0.40	0.67	0.70
90.38
43.2	0.41	0.67	0.40
90.20
43.2	0.41	0.67	0.41
90.24
43.2	0.41	0.67	0.42
90.27
43.2	0.41	0.67	0.43
90.27
43.2	0.41	0.67	0.44
90.31
43.2	0.41	0.67	0.45
90.32
43.2	0.41	0.67	0.46
90.29
43.2	0.41	0.67	0.47
90.30
43.2	0.41	0.67	0.48
90.30
43.2	0.41	0.67	0.49
90.30
43.2	0.41	0.67	0.50
90.29
43.2	0.41	0.67	0.51
90.28
43.2	0.41	0.67	0.52
90.30
43.2	0.41	0.67	0.53
90.32
43.2	0.41	0.67	0.54
90.32
43.2	0.41	0.67	0.55
90.32
43.2	0.41	0.67	0.56
90.33
43.2	0.41	0.67	0.57
90.31
43.2	0.41	0.67	0.58
90.30
43.2	0.41	0.67	0.59
90.29
43.2	0.41	0.67	0.60
90.29
43.2	0.41	0.67	0.61
90.29
43.2	0.41	0.67	0.62
90.31
43.2	0.41	0.67	0.63
90.31
43.2	0.41	0.67	0.64
90.30
43.2	0.41	0.67	0.65
90.30
43.2	0.41	0.67	0.66
90.30
43.2	0.41	0.67	0.67
90.30
43.2	0.41	0.67	0.68
90.30
43.2	0.41	0.67	0.69
90.30
43.2	0.41	0.67	0.70
90.31
43.2	0.42	0.67	0.40
89.99
43.2	0.42	0.67	0.41
90.04
43.2	0.42	0.67	0.42
90.06
43.2	0.42	0.67	0.43
90.07
43.2	0.42	0.67	0.44
90.09
43.2	0.42	0.67	0.45
90.10
43.2	0.42	0.67	0.46
90.10
43.2	0.42	0.67	0.47
90.11
43.2	0.42	0.67	0.48
90.11
43.2	0.42	0.67	0.49
90.12
43.2	0.42	0.67	0.50
90.11
43.2	0.42	0.67	0.51
90.10
43.2	0.42	0.67	0.52
90.14
43.2	0.42	0.67	0.53
90.13
43.2	0.42	0.67	0.54
90.13
43.2	0.42	0.67	0.55
90.13
43.2	0.42	0.67	0.56
90.13
43.2	0.42	0.67	0.57
90.11
43.2	0.42	0.67	0.58
90.09
43.2	0.42	0.67	0.59
90.09
43.2	0.42	0.67	0.60
90.09
43.2	0.42	0.67	0.61
90.09
43.2	0.42	0.67	0.62
90.11
43.2	0.42	0.67	0.63
90.11
43.2	0.42	0.67	0.64
90.11
43.2	0.42	0.67	0.65
90.10
43.2	0.42	0.67	0.66
90.11
43.2	0.42	0.67	0.67
90.11
43.2	0.42	0.67	0.68
90.11
43.2	0.42	0.67	0.69
90.13
43.2	0.42	0.67	0.70
90.13
43.2	0.43	0.67	0.40
89.80
43.2	0.43	0.67	0.41
89.85
43.2	0.43	0.67	0.42
89.88
43.2	0.43	0.67	0.43
89.93
43.2	0.43	0.67	0.44
89.95
43.2	0.43	0.67	0.45
89.95
43.2	0.43	0.67	0.46
89.94
43.2	0.43	0.67	0.47
89.96
43.2	0.43	0.67	0.48
89.97
43.2	0.43	0.67	0.49
89.97
43.2	0.43	0.67	0.50
89.94
43.2	0.43	0.67	0.51
89.97
43.2	0.43	0.67	0.52
89.99
43.2	0.43	0.67	0.53
89.98
43.2	0.43	0.67	0.54
89.98
43.2	0.43	0.67	0.55
89.97
43.2	0.43	0.67	0.56
89.97
43.2	0.43	0.67	0.57
89.95
43.2	0.43	0.67	0.58
89.94
43.2	0.43	0.67	0.59
89.94
43.2	0.43	0.67	0.60
89.94
43.2	0.43	0.67	0.61
89.94
43.2	0.43	0.67	0.62
89.95
43.2	0.43	0.67	0.63
89.95
43.2	0.43	0.67	0.64
89.96
43.2	0.43	0.67	0.65
89.95
43.2	0.43	0.67	0.66
89.96
43.2	0.43	0.67	0.67
89.97
43.2	0.43	0.67	0.68
89.97
43.2	0.43	0.67	0.69
89.97
43.2	0.43	0.67	0.70
89.97
43.2	0.44	0.67	0.40
89.62
43.2	0.44	0.67	0.41
89.68
43.2	0.44	0.67	0.42
89.74
43.2	0.44	0.67	0.43
89.78
43.2	0.44	0.67	0.44
89.79
43.2	0.44	0.67	0.45
89.80
43.2	0.44	0.67	0.46
89.80
43.2	0.44	0.67	0.47
89.83
43.2	0.44	0.67	0.48
89.83
43.2	0.44	0.67	0.49
89.83
43.2	0.44	0.67	0.50
89.85
43.2	0.44	0.67	0.51
89.86
43.2	0.44	0.67	0.52
89.86
43.2	0.44	0.67	0.53
89.86
43.2	0.44	0.67	0.54
89.86
43.2	0.44	0.67	0.55
89.84
43.2	0.44	0.67	0.56
89.85
43.2	0.44	0.67	0.57
89.83
43.2	0.44	0.67	0.58
89.82
43.2	0.44	0.67	0.59
89.82
43.2	0.44	0.67	0.60
89.82
43.2	0.44	0.67	0.61
89.82
43.2	0.44	0.67	0.62
89.84
43.2	0.44	0.67	0.63
89.83
43.2	0.44	0.67	0.64
89.84
43.2	0.44	0.67	0.65
89.84
43.2	0.44	0.67	0.66
89.85
43.2	0.44	0.67	0.67
89.84
43.2	0.44	0.67	0.68
89.84
43.2	0.44	0.67	0.69
89.85
43.2	0.44	0.67	0.70
89.85
43.2	0.45	0.67	0.40
89.44
43.2	0.45	0.67	0.41
89.53
43.2	0.45	0.67	0.42
89.55
43.2	0.45	0.67	0.43
89.60
43.2	0.45	0.67	0.44
89.62
43.2	0.45	0.67	0.45
89.64
43.2	0.45	0.67	0.46
89.63
43.2	0.45	0.67	0.47
89.68
43.2	0.45	0.67	0.48
89.68
43.2	0.45	0.67	0.49
89.68
43.2	0.45	0.67	0.50
89.67
43.2	0.45	0.67	0.51
89.69
43.2	0.45	0.67	0.52
89.69
43.2	0.45	0.67	0.53
89.69
43.2	0.45	0.67	0.54
89.69
43.2	0.45	0.67	0.55
89.68
43.2	0.45	0.67	0.56
89.69
43.2	0.45	0.67	0.57
89.68
43.2	0.45	0.67	0.58
89.66
43.2	0.45	0.67	0.59
89.66
43.2	0.45	0.67	0.60
89.66
43.2	0.45	0.67	0.61
89.66
43.2	0.45	0.67	0.62
89.67
43.2	0.45	0.67	0.63
89.66
43.2	0.45	0.67	0.64
89.68
43.2	0.45	0.67	0.65
89.68
43.2	0.45	0.67	0.66
89.69
43.2	0.45	0.67	0.67
89.68
43.2	0.45	0.67	0.68
89.68
43.2	0.45	0.67	0.69
89.69
43.2	0.45	0.67	0.70
89.69
43.3	0.32	0.67	0.40
90.39
43.3	0.32	0.67	0.41
90.51
43.3	0.32	0.67	0.42
90.58
43.3	0.32	0.67	0.43
90.55
43.3	0.32	0.67	0.44
90.58
43.3	0.32	0.67	0.45
90.54
43.3	0.32	0.67	0.46
90.55
43.3	0.32	0.67	0.47
90.54
43.3	0.32	0.67	0.48
90.53
43.3	0.32	0.67	0.49
90.50
43.3	0.32	0.67	0.50
90.49
43.3	0.32	0.67	0.51
90.48
43.3	0.32	0.67	0.52
90.47
43.3	0.32	0.67	0.53
90.47
43.3	0.32	0.67	0.54
90.46
43.3	0.32	0.67	0.55
90.51
43.3	0.32	0.67	0.56
90.51
43.3	0.32	0.67	0.57
90.51
43.3	0.32	0.67	0.58
90.48
43.3	0.32	0.67	0.59
90.48
43.3	0.32	0.67	0.60
90.48
43.3	0.32	0.67	0.61
90.46
43.3	0.32	0.67	0.62
90.46
43.3	0.32	0.67	0.63
90.45
43.3	0.32	0.67	0.64
90.47
43.3	0.32	0.67	0.65
90.47
43.3	0.32	0.67	0.66
90.47
43.3	0.32	0.67	0.67
90.44
43.3	0.32	0.67	0.68
90.43
43.3	0.32	0.67	0.69
90.43
43.3	0.32	0.67	0.70
90.43
43.3	0.33	0.67	0.40
90.49
43.3	0.33	0.67	0.41
90.57
43.3	0.33	0.67	0.42
90.66
43.3	0.33	0.67	0.43
90.63
43.3	0.33	0.67	0.44
90.65
43.3	0.33	0.67	0.45
90.61
43.3	0.33	0.67	0.46
90.62
43.3	0.33	0.67	0.47
90.63
43.3	0.33	0.67	0.48
90.61
43.3	0.33	0.67	0.49
90.58
43.3	0.33	0.67	0.50
90.56
43.3	0.33	0.67	0.51
90.56
43.3	0.33	0.67	0.52
90.54
43.3	0.33	0.67	0.53
90.54
43.3	0.33	0.67	0.54
90.57
43.3	0.33	0.67	0.55
90.59
43.3	0.33	0.67	0.56
90.59
43.3	0.33	0.67	0.57
90.59
43.3	0.33	0.67	0.58
90.56
43.3	0.33	0.67	0.59
90.56
43.3	0.33	0.67	0.60
90.57
43.3	0.33	0.67	0.61
90.55
43.3	0.33	0.67	0.62
90.54
43.3	0.33	0.67	0.63
90.54
43.3	0.33	0.67	0.64
90.56
43.3	0.33	0.67	0.65
90.56
43.3	0.33	0.67	0.66
90.57
43.3	0.33	0.67	0.67
90.54
43.3	0.33	0.67	0.68
90.53
43.3	0.33	0.67	0.69
90.53
43.3	0.33	0.67	0.70
90.53
43.3	0.34	0.67	0.40
90.51
43.3	0.34	0.67	0.41
90.57
43.3	0.34	0.67	0.42
90.64
43.3	0.34	0.67	0.43
90.66
43.3	0.34	0.67	0.44
90.66
43.3	0.34	0.67	0.45
90.63
43.3	0.34	0.67	0.46
90.63
43.3	0.34	0.67	0.47
90.64
43.3	0.34	0.67	0.48
90.62
43.3	0.34	0.67	0.49
90.58
43.3	0.34	0.67	0.50
90.57
43.3	0.34	0.67	0.51
90.57
43.3	0.34	0.67	0.52
90.55
43.3	0.34	0.67	0.53
90.55
43.3	0.34	0.67	0.54
90.58
43.3	0.34	0.67	0.55
90.60
43.3	0.34	0.67	0.56
90.60
43.3	0.34	0.67	0.57
90.58
43.3	0.34	0.67	0.58
90.56
43.3	0.34	0.67	0.59
90.56
43.3	0.34	0.67	0.60
90.57
43.3	0.34	0.67	0.61
90.55
43.3	0.34	0.67	0.62
90.55
43.3	0.34	0.67	0.63
90.55
43.3	0.34	0.67	0.64
90.56
43.3	0.34	0.67	0.65
90.56
43.3	0.34	0.67	0.66
90.56
43.3	0.34	0.67	0.67
90.55
43.3	0.34	0.67	0.68
90.55
43.3	0.34	0.67	0.69
90.56
43.3	0.34	0.67	0.70
90.56
43.3	0.35	0.67	0.40
90.54
43.3	0.35	0.67	0.41
90.57
43.3	0.35	0.67	0.42
90.63
43.3	0.35	0.67	0.43
90.67
43.3	0.35	0.67	0.44
90.69
43.3	0.35	0.67	0.45
90.67
43.3	0.35	0.67	0.46
90.67
43.3	0.35	0.67	0.47
90.68
43.3	0.35	0.67	0.48
90.66
43.3	0.35	0.67	0.49
90.62
43.3	0.35	0.67	0.50
90.61
43.3	0.35	0.67	0.51
90.61
43.3	0.35	0.67	0.52
90.60
43.3	0.35	0.67	0.53
90.60
43.3	0.35	0.67	0.54
90.63
43.3	0.35	0.67	0.55
90.65
43.3	0.35	0.67	0.56
90.65
43.3	0.35	0.67	0.57
90.63
43.3	0.35	0.67	0.58
90.62
43.3	0.35	0.67	0.59
90.62
43.3	0.35	0.67	0.60
90.62
43.3	0.35	0.67	0.61
90.60
43.3	0.35	0.67	0.62
90.60
43.3	0.35	0.67	0.63
90.61
43.3	0.35	0.67	0.64
90.61
43.3	0.35	0.67	0.65
90.62
43.3	0.35	0.67	0.66
90.62
43.3	0.35	0.67	0.67
90.62
43.3	0.35	0.67	0.68
90.62
43.3	0.35	0.67	0.69
90.62
43.3	0.35	0.67	0.70
90.61
43.3	0.36	0.67	0.40
90.55
43.3	0.36	0.67	0.41
90.60
43.3	0.36	0.67	0.42
90.64
43.3	0.36	0.67	0.43
90.69
43.3	0.36	0.67	0.44
90.72
43.3	0.36	0.67	0.45
90.69
43.3	0.36	0.67	0.46
90.68
43.3	0.36	0.67	0.47
90.69
43.3	0.36	0.67	0.48
90.69
43.3	0.36	0.67	0.49
90.67
43.3	0.36	0.67	0.50
90.63
43.3	0.36	0.67	0.51
90.63
43.3	0.36	0.67	0.52
90.63
43.3	0.36	0.67	0.53
90.64
43.3	0.36	0.67	0.54
90.66
43.3	0.36	0.67	0.55
90.66
43.3	0.36	0.67	0.56
90.66
43.3	0.36	0.67	0.57
90.64
43.3	0.36	0.67	0.58
90.63
43.3	0.36	0.67	0.59
90.63
43.3	0.36	0.67	0.60
90.64
43.3	0.36	0.67	0.61
90.63
43.3	0.36	0.67	0.62
90.63
43.3	0.36	0.67	0.63
90.64
43.3	0.36	0.67	0.64
90.65
43.3	0.36	0.67	0.65
90.64
43.3	0.36	0.67	0.66
90.63
43.3	0.36	0.67	0.67
90.64
43.3	0.36	0.67	0.68
90.64
43.3	0.36	0.67	0.69
90.64
43.3	0.36	0.67	0.70
90.62
43.3	0.37	0.67	0.40
90.55
43.3	0.37	0.67	0.41
90.57
43.3	0.37	0.67	0.42
90.58
43.3	0.37	0.67	0.43
90.61
43.3	0.37	0.67	0.44
90.63
43.3	0.37	0.67	0.45
90.60
43.3	0.37	0.67	0.46
90.60
43.3	0.37	0.67	0.47
90.58
43.3	0.37	0.67	0.48
90.58
43.3	0.37	0.67	0.49
90.57
43.3	0.37	0.67	0.50
90.57
43.3	0.37	0.67	0.51
90.57
43.3	0.37	0.67	0.52
90.58
43.3	0.37	0.67	0.53
90.58
43.3	0.37	0.67	0.54
90.57
43.3	0.37	0.67	0.55
90.59
43.3	0.37	0.67	0.56
90.59
43.3	0.37	0.67	0.57
90.58
43.3	0.37	0.67	0.58
90.59
43.3	0.37	0.67	0.59
90.59
43.3	0.37	0.67	0.60
90.59
43.3	0.37	0.67	0.61
90.59
43.3	0.37	0.67	0.62
90.59
43.3	0.37	0.67	0.63
90.60
43.3	0.37	0.67	0.64
90.60
43.3	0.37	0.67	0.65
90.60
43.3	0.37	0.67	0.66
90.59
43.3	0.37	0.67	0.67
90.59
43.3	0.37	0.67	0.68
90.59
43.3	0.37	0.67	0.69
90.59
43.3	0.37	0.67	0.70
90.57
43.3	0.38	0.67	0.40
90.50
43.3	0.38	0.67	0.41
90.54
43.3	0.38	0.67	0.42
90.54
43.3	0.38	0.67	0.43
90.54
43.3	0.38	0.67	0.44
90.56
43.3	0.38	0.67	0.45
90.53
43.3	0.38	0.67	0.46
90.53
43.3	0.38	0.67	0.47
90.51
43.3	0.38	0.67	0.48
90.51
43.3	0.38	0.67	0.49
90.50
43.3	0.38	0.67	0.50
90.50
43.3	0.38	0.67	0.51
90.49
43.3	0.38	0.67	0.52
90.51
43.3	0.38	0.67	0.53
90.50
43.3	0.38	0.67	0.54
90.50
43.3	0.38	0.67	0.55
90.52
43.3	0.38	0.67	0.56
90.52
43.3	0.38	0.67	0.57
90.51
43.3	0.38	0.67	0.58
90.52
43.3	0.38	0.67	0.59
90.52
43.3	0.38	0.67	0.60
90.51
43.3	0.38	0.67	0.61
90.53
43.3	0.38	0.67	0.62
90.53
43.3	0.38	0.67	0.63
90.53
43.3	0.38	0.67	0.64
90.54
43.3	0.38	0.67	0.65
90.54
43.3	0.38	0.67	0.66
90.53
43.3	0.38	0.67	0.67
90.53
43.3	0.38	0.67	0.68
90.53
43.3	0.38	0.67	0.69
90.53
43.3	0.38	0.67	0.70
90.51
43.3	0.39	0.67	0.40
90.42
43.3	0.39	0.67	0.41
90.46
43.3	0.39	0.67	0.42
90.46
43.3	0.39	0.67	0.43
90.46
43.3	0.39	0.67	0.44
90.48
43.3	0.39	0.67	0.45
90.47
43.3	0.39	0.67	0.46
90.47
43.3	0.39	0.67	0.47
90.45
43.3	0.39	0.67	0.48
90.46
43.3	0.39	0.67	0.49
90.45
43.3	0.39	0.67	0.50
90.44
43.3	0.39	0.67	0.51
90.43
43.3	0.39	0.67	0.52
90.45
43.3	0.39	0.67	0.53
90.45
43.3	0.39	0.67	0.54
90.45
43.3	0.39	0.67	0.55
90.46
43.3	0.39	0.67	0.56
90.48
43.3	0.39	0.67	0.57
90.46
43.3	0.39	0.67	0.58
90.46
43.3	0.39	0.67	0.59
90.46
43.3	0.39	0.67	0.60
90.45
43.3	0.39	0.67	0.61
90.45
43.3	0.39	0.67	0.62
90.46
43.3	0.39	0.67	0.63
90.46
43.3	0.39	0.67	0.64
90.46
43.3	0.39	0.67	0.65
90.45
43.3	0.39	0.67	0.66
90.45
43.3	0.39	0.67	0.67
90.45
43.3	0.39	0.67	0.68
90.45
43.3	0.39	0.67	0.69
90.46
43.3	0.39	0.67	0.70
90.44
43.3	0.40	0.67	0.40
90.36
43.3	0.40	0.67	0.41
90.42
43.3	0.40	0.67	0.42
90.42
43.3	0.40	0.67	0.43
90.42
43.3	0.40	0.67	0.44
90.43
43.3	0.40	0.67	0.45
90.43
43.3	0.40	0.67	0.46
90.39
43.3	0.40	0.67	0.47
90.40
43.3	0.40	0.67	0.48
90.41
43.3	0.40	0.67	0.49
90.40
43.3	0.40	0.67	0.50
90.39
43.3	0.40	0.67	0.51
90.39
43.3	0.40	0.67	0.52
90.39
43.3	0.40	0.67	0.53
90.41
43.3	0.40	0.67	0.54
90.41
43.3	0.40	0.67	0.55
90.42
43.3	0.40	0.67	0.56
90.44
43.3	0.40	0.67	0.57
90.43
43.3	0.40	0.67	0.58
90.42
43.3	0.40	0.67	0.59
90.41
43.3	0.40	0.67	0.60
90.41
43.3	0.40	0.67	0.61
90.41
43.3	0.40	0.67	0.62
90.42
43.3	0.40	0.67	0.63
90.42
43.3	0.40	0.67	0.64
90.42
43.3	0.40	0.67	0.65
90.42
43.3	0.40	0.67	0.66
90.42
43.3	0.40	0.67	0.67
90.42
43.3	0.40	0.67	0.68
90.42
43.3	0.40	0.67	0.69
90.42
43.3	0.40	0.67	0.70
90.40
43.3	0.41	0.67	0.40
90.21
43.3	0.41	0.67	0.41
90.25
43.3	0.41	0.67	0.42
90.29
43.3	0.41	0.67	0.43
90.29
43.3	0.41	0.67	0.44
90.33
43.3	0.41	0.67	0.45
90.34
43.3	0.41	0.67	0.46
90.31
43.3	0.41	0.67	0.47
90.32
43.3	0.41	0.67	0.48
90.32
43.3	0.41	0.67	0.49
90.32
43.3	0.41	0.67	0.50
90.31
43.3	0.41	0.67	0.51
90.30
43.3	0.41	0.67	0.52
90.32
43.3	0.41	0.67	0.53
90.34
43.3	0.41	0.67	0.54
90.34
43.3	0.41	0.67	0.55
90.34
43.3	0.41	0.67	0.56
90.35
43.3	0.41	0.67	0.57
90.33
43.3	0.41	0.67	0.58
90.32
43.3	0.41	0.67	0.59
90.31
43.3	0.41	0.67	0.60
90.31
43.3	0.41	0.67	0.61
90.31
43.3	0.41	0.67	0.62
90.33
43.3	0.41	0.67	0.63
90.33
43.3	0.41	0.67	0.64
90.32
43.3	0.41	0.67	0.65
90.32
43.3	0.41	0.67	0.66
90.32
43.3	0.41	0.67	0.67
90.32
43.3	0.41	0.67	0.68
90.32
43.3	0.41	0.67	0.69
90.32
43.3	0.41	0.67	0.70
90.33
43.3	0.42	0.67	0.40
90.01
43.3	0.42	0.67	0.41
90.05
43.3	0.42	0.67	0.42
90.08
43.3	0.42	0.67	0.43
90.08
43.3	0.42	0.67	0.44
90.11
43.3	0.42	0.67	0.45
90.12
43.3	0.42	0.67	0.46
90.11
43.3	0.42	0.67	0.47
90.13
43.3	0.42	0.67	0.48
90.13
43.3	0.42	0.67	0.49
90.14
43.3	0.42	0.67	0.50
90.13
43.3	0.42	0.67	0.51
90.12
43.3	0.42	0.67	0.52
90.16
43.3	0.42	0.67	0.53
90.15
43.3	0.42	0.67	0.54
90.15
43.3	0.42	0.67	0.55
90.15
43.3	0.42	0.67	0.56
90.15
43.3	0.42	0.67	0.57
90.13
43.3	0.42	0.67	0.58
90.11
43.3	0.42	0.67	0.59
90.11
43.3	0.42	0.67	0.60
90.11
43.3	0.42	0.67	0.61
90.11
43.3	0.42	0.67	0.62
90.13
43.3	0.42	0.67	0.63
90.13
43.3	0.42	0.67	0.64
90.13
43.3	0.42	0.67	0.65
90.12
43.3	0.42	0.67	0.66
90.13
43.3	0.42	0.67	0.67
90.13
43.3	0.42	0.67	0.68
90.13
43.3	0.42	0.67	0.69
90.15
43.3	0.42	0.67	0.70
90.15
43.3	0.43	0.67	0.40
89.82
43.3	0.43	0.67	0.41
89.87
43.3	0.43	0.67	0.42
89.90
43.3	0.43	0.67	0.43
89.93
43.3	0.43	0.67	0.44
89.97
43.3	0.43	0.67	0.45
89.97
43.3	0.43	0.67	0.46
89.96
43.3	0.43	0.67	0.47
89.98
43.3	0.43	0.67	0.48
89.99
43.3	0.43	0.67	0.49
89.99
43.3	0.43	0.67	0.50
89.96
43.3	0.43	0.67	0.51
89.98
43.3	0.43	0.67	0.52
90.00
43.3	0.43	0.67	0.53
90.00
43.3	0.43	0.67	0.54
90.00
43.3	0.43	0.67	0.55
89.99
43.3	0.43	0.67	0.56
89.99
43.3	0.43	0.67	0.57
89.97
43.3	0.43	0.67	0.58
89.96
43.3	0.43	0.67	0.59
89.96
43.3	0.43	0.67	0.60
89.96
43.3	0.43	0.67	0.61
89.96
43.3	0.43	0.67	0.62
89.97
43.3	0.43	0.67	0.63
89.97
43.3	0.43	0.67	0.64
89.98
43.3	0.43	0.67	0.65
89.97
43.3	0.43	0.67	0.66
89.98
43.3	0.43	0.67	0.67
89.99
43.3	0.43	0.67	0.68
89.99
43.3	0.43	0.67	0.69
89.99
43.3	0.43	0.67	0.70
89.99
43.3	0.44	0.67	0.40
89.64
43.3	0.44	0.67	0.41
89.70
43.3	0.44	0.67	0.42
89.76
43.3	0.44	0.67	0.43
89.79
43.3	0.44	0.67	0.44
89.81
43.3	0.44	0.67	0.45
89.82
43.3	0.44	0.67	0.46
89.82
43.3	0.44	0.67	0.47
89.85
43.3	0.44	0.67	0.48
89.85
43.3	0.44	0.67	0.49
89.85
43.3	0.44	0.67	0.50
89.86
43.3	0.44	0.67	0.51
89.88
43.3	0.44	0.67	0.52
89.88
43.3	0.44	0.67	0.53
89.88
43.3	0.44	0.67	0.54
89.88
43.3	0.44	0.67	0.55
89.86
43.3	0.44	0.67	0.56
89.87
43.3	0.44	0.67	0.57
89.85
43.3	0.44	0.67	0.58
89.84
43.3	0.44	0.67	0.59
89.84
43.3	0.44	0.67	0.60
89.84
43.3	0.44	0.67	0.61
89.84
43.3	0.44	0.67	0.62
89.86
43.3	0.44	0.67	0.63
89.85
43.3	0.44	0.67	0.64
89.86
43.3	0.44	0.67	0.65
89.86
43.3	0.44	0.67	0.66
89.87
43.3	0.44	0.67	0.67
89.86
43.3	0.44	0.67	0.68
89.86
43.3	0.44	0.67	0.69
89.87
43.3	0.44	0.67	0.70
89.87
43.3	0.45	0.67	0.40
89.46
43.3	0.45	0.67	0.41
89.54
43.3	0.45	0.67	0.42
89.57
43.3	0.45	0.67	0.43
89.61
43.3	0.45	0.67	0.44
89.64
43.3	0.45	0.67	0.45
89.66
