43.0	0.30	0.67	0.60
90.39
43.0	0.30	0.67	0.61
90.39
43.0	0.30	0.67	0.62
90.38
43.0	0.30	0.67	0.63
90.16
43.0	0.30	0.67	0.64
90.28
43.0	0.30	0.67	0.65
90.26
43.0	0.30	0.67	0.66
90.29
43.0	0.30	0.67	0.67
90.31
43.0	0.30	0.67	0.68
90.30
43.0	0.30	0.67	0.69
90.30
43.0	0.30	0.67	0.70
90.32
43.0	0.30	0.67	0.71
90.26
43.0	0.30	0.67	0.72
90.27
43.0	0.30	0.67	0.73
90.25
43.0	0.30	0.67	0.74
90.34
43.0	0.31	0.67	0.60
pitch_db/train/rl020.f0ref
43.0	0.31	0.67	0.61
90.40
43.0	0.31	0.67	0.62
pitch_db/train/rl004.f0ref
43.0	0.31	0.67	0.63
pitch_db/train/rl004.f0ref
43.0	0.31	0.67	0.64
89.76
43.0	0.31	0.67	0.65
89.85
43.0	0.31	0.67	0.66
89.91
43.0	0.31	0.67	0.67
89.99
43.0	0.31	0.67	0.68
90.12
43.0	0.31	0.67	0.69
90.15
43.0	0.31	0.67	0.70
90.21
43.0	0.31	0.67	0.71
90.23
43.0	0.31	0.67	0.72
90.23
43.0	0.31	0.67	0.73
90.22
43.0	0.31	0.67	0.74
90.26
43.0	0.32	0.67	0.60
90.44
43.0	0.32	0.67	0.61
90.42
43.0	0.32	0.67	0.62
90.43
43.0	0.32	0.67	0.63
89.58
43.0	0.32	0.67	0.64
89.85
43.0	0.32	0.67	0.65
89.93
43.0	0.32	0.67	0.66
89.97
43.0	0.32	0.67	0.67
90.04
43.0	0.32	0.67	0.68
90.17
43.0	0.32	0.67	0.69
90.27
43.0	0.32	0.67	0.70
90.32
43.0	0.32	0.67	0.71
90.27
43.0	0.32	0.67	0.72
90.28
43.0	0.32	0.67	0.73
pitch_db/train/rl022.f0ref
43.0	0.32	0.67	0.74
90.33
43.0	0.33	0.67	0.60
90.51
43.0	0.33	0.67	0.61
90.50
43.0	0.33	0.67	0.62
90.52
43.0	0.33	0.67	0.63
89.70
43.0	0.33	0.67	0.64
89.95
43.0	0.33	0.67	0.65
90.02
43.0	0.33	0.67	0.66
90.08
43.0	0.33	0.67	0.67
90.15
43.0	0.33	0.67	0.68
90.27
43.0	0.33	0.67	0.69
90.37
43.0	0.33	0.67	0.70
90.43
43.0	0.33	0.67	0.71
90.44
43.0	0.33	0.67	0.72
90.45
43.0	0.33	0.67	0.73
90.45
43.0	0.33	0.67	0.74
90.41
43.0	0.34	0.67	0.60
90.51
43.0	0.34	0.67	0.61
90.49
43.0	0.34	0.67	0.62
90.49
43.0	0.34	0.67	0.63
89.94
43.0	0.34	0.67	0.64
90.07
43.0	0.34	0.67	0.65
90.15
43.0	0.34	0.67	0.66
90.25
43.0	0.34	0.67	0.67
90.31
43.0	0.34	0.67	0.68
90.35
43.0	0.34	0.67	0.69
90.42
43.0	0.34	0.67	0.70
90.45
43.0	0.34	0.67	0.71
90.43
43.0	0.34	0.67	0.72
90.44
43.0	0.34	0.67	0.73
90.44
43.0	0.34	0.67	0.74
90.45
43.0	0.35	0.67	0.60
90.53
43.0	0.35	0.67	0.61
90.52
43.0	0.35	0.67	0.62
90.52
43.0	0.35	0.67	0.63
90.16
43.0	0.35	0.67	0.64
90.25
43.0	0.35	0.67	0.65
90.61
43.0	0.35	0.67	0.66
90.61
43.0	0.35	0.67	0.67
90.59
43.0	0.35	0.67	0.68
90.60
43.0	0.35	0.67	0.69
90.58
43.0	0.35	0.67	0.70
pitch_db/train/rl012.f0ref
43.0	0.35	0.67	0.71
90.55
43.0	0.35	0.67	0.72
pitch_db/train/rl032.f0ref
43.0	0.35	0.67	0.73
pitch_db/train/rl012.f0ref
43.0	0.35	0.67	0.74
pitch_db/train/rl018.f0ref
43.0	0.36	0.67	0.60
pitch_db/train/rl012.f0ref
43.0	0.36	0.67	0.61
90.59
43.0	0.36	0.67	0.62
90.59
43.0	0.36	0.67	0.63
90.62
43.0	0.36	0.67	0.64
90.63
43.0	0.36	0.67	0.65
89.39
43.0	0.36	0.67	0.66
89.58
43.0	0.36	0.67	0.67
89.75
43.0	0.36	0.67	0.68
89.90
43.0	0.36	0.67	0.69
89.98
43.0	0.36	0.67	0.70
90.10
43.0	0.36	0.67	0.71
90.31
43.0	0.36	0.67	0.72
90.45
43.0	0.36	0.67	0.73
90.52
43.0	0.36	0.67	0.74
90.51
43.0	0.37	0.67	0.60
90.54
43.0	0.37	0.67	0.61
90.56
43.0	0.37	0.67	0.62
90.55
43.0	0.37	0.67	0.63
90.57
43.0	0.37	0.67	0.64
89.65
43.0	0.37	0.67	0.65
89.57
43.0	0.37	0.67	0.66
89.66
43.0	0.37	0.67	0.67
89.86
43.0	0.37	0.67	0.68
89.97
43.0	0.37	0.67	0.69
90.17
43.0	0.37	0.67	0.70
90.24
43.0	0.37	0.67	0.71
90.39
43.0	0.37	0.67	0.72
90.47
43.0	0.37	0.67	0.73
pitch_db/train/rl032.f0ref
43.0	0.37	0.67	0.74
90.55
43.0	0.38	0.67	0.60
90.59
43.0	0.38	0.67	0.61
90.60
43.0	0.38	0.67	0.62
90.60
43.0	0.38	0.67	0.63
pitch_db/train/rl040.f0ref
43.0	0.38	0.67	0.64
89.84
43.0	0.38	0.67	0.65
89.99
43.0	0.38	0.67	0.66
90.01
43.0	0.38	0.67	0.67
90.02
43.0	0.38	0.67	0.68
90.10
43.0	0.38	0.67	0.69
90.22
43.0	0.38	0.67	0.70
90.27
43.0	0.38	0.67	0.71
90.43
43.0	0.38	0.67	0.72
90.50
43.0	0.38	0.67	0.73
90.58
43.0	0.38	0.67	0.74
90.61
43.0	0.39	0.67	0.60
90.64
43.0	0.39	0.67	0.61
90.60
43.0	0.39	0.67	0.62
90.58
43.0	0.39	0.67	0.63
90.58
43.0	0.39	0.67	0.64
90.49
43.0	0.39	0.67	0.65
90.49
43.0	0.39	0.67	0.66
90.43
43.0	0.39	0.67	0.67
90.50
43.0	0.39	0.67	0.68
90.54
43.0	0.39	0.67	0.69
90.56
43.0	0.39	0.67	0.70
90.55
43.0	0.39	0.67	0.71
pitch_db/train/rl042.f0ref
43.0	0.39	0.67	0.72
90.57
43.0	0.39	0.67	0.73
90.54
43.0	0.39	0.67	0.74
90.57
