43.0	0.30	0.67	0.30
88.31
43.0	0.30	0.67	0.31
88.75
43.0	0.30	0.67	0.32
89.02
43.0	0.30	0.67	0.33
89.20
43.0	0.30	0.67	0.34
89.50
43.0	0.30	0.67	0.35
89.74
43.0	0.30	0.67	0.36
90.55
43.0	0.30	0.67	0.37
90.55
43.0	0.30	0.67	0.38
90.55
43.0	0.30	0.67	0.39
90.54
43.0	0.30	0.67	0.40
90.51
43.0	0.30	0.67	0.41
90.50
43.0	0.30	0.67	0.42
90.49
43.0	0.30	0.67	0.43
90.47
43.0	0.30	0.67	0.44
90.47
43.0	0.31	0.67	0.30
90.39
43.0	0.31	0.67	0.31
90.41
43.0	0.31	0.67	0.32
90.45
43.0	0.31	0.67	0.33
90.46
43.0	0.31	0.67	0.34
90.41
43.0	0.31	0.67	0.35
90.40
43.0	0.31	0.67	0.36
90.42
43.0	0.31	0.67	0.37
90.41
43.0	0.31	0.67	0.38
90.40
43.0	0.31	0.67	0.39
90.41
43.0	0.31	0.67	0.40
90.46
43.0	0.31	0.67	0.41
pitch_db/train/sb050.f0ref
43.0	0.31	0.67	0.42
pitch_db/train/sb050.f0ref
43.0	0.31	0.67	0.43
90.48
43.0	0.31	0.67	0.44
90.46
43.0	0.32	0.67	0.30
90.42
43.0	0.32	0.67	0.31
90.44
43.0	0.32	0.67	0.32
90.43
43.0	0.32	0.67	0.33
90.50
43.0	0.32	0.67	0.34
90.46
43.0	0.32	0.67	0.35
90.44
43.0	0.32	0.67	0.36
90.44
43.0	0.32	0.67	0.37
90.45
43.0	0.32	0.67	0.38
90.42
43.0	0.32	0.67	0.39
90.42
43.0	0.32	0.67	0.40
90.42
43.0	0.32	0.67	0.41
90.53
43.0	0.32	0.67	0.42
90.51
43.0	0.32	0.67	0.43
90.51
43.0	0.32	0.67	0.44
90.52
43.0	0.33	0.67	0.30
90.45
43.0	0.33	0.67	0.31
90.48
43.0	0.33	0.67	0.32
90.48
43.0	0.33	0.67	0.33
90.50
43.0	0.33	0.67	0.34
90.49
43.0	0.33	0.67	0.35
90.44
43.0	0.33	0.67	0.36
90.49
43.0	0.33	0.67	0.37
pitch_db/train/rl004.f0ref
43.0	0.33	0.67	0.38
90.43
43.0	0.33	0.67	0.39
90.43
43.0	0.33	0.67	0.40
pitch_db/train/rl004.f0ref
43.0	0.33	0.67	0.41
90.58
43.0	0.33	0.67	0.42
90.55
43.0	0.33	0.67	0.43
90.59
43.0	0.33	0.67	0.44
90.58
43.0	0.34	0.67	0.30
90.54
43.0	0.34	0.67	0.31
90.57
43.0	0.34	0.67	0.32
90.57
43.0	0.34	0.67	0.33
90.57
43.0	0.34	0.67	0.34
90.56
43.0	0.34	0.67	0.35
90.56
43.0	0.34	0.67	0.36
90.55
43.0	0.34	0.67	0.37
90.48
43.0	0.34	0.67	0.38
90.48
43.0	0.34	0.67	0.39
90.48
43.0	0.34	0.67	0.40
90.49
43.0	0.34	0.67	0.41
90.57
43.0	0.34	0.67	0.42
90.55
43.0	0.34	0.67	0.43
90.55
43.0	0.34	0.67	0.44
90.56
43.0	0.35	0.67	0.30
90.48
43.0	0.35	0.67	0.31
90.44
43.0	0.35	0.67	0.32
90.49
43.0	0.35	0.67	0.33
90.53
43.0	0.35	0.67	0.34
90.50
43.0	0.35	0.67	0.35
90.51
43.0	0.35	0.67	0.36
90.51
43.0	0.35	0.67	0.37
90.48
43.0	0.35	0.67	0.38
90.48
43.0	0.35	0.67	0.39
90.48
43.0	0.35	0.67	0.40
90.48
43.0	0.35	0.67	0.41
90.56
43.0	0.35	0.67	0.42
90.54
43.0	0.35	0.67	0.43
90.54
43.0	0.35	0.67	0.44
90.56
43.0	0.36	0.67	0.30
90.49
43.0	0.36	0.67	0.31
90.55
43.0	0.36	0.67	0.32
90.55
43.0	0.36	0.67	0.33
90.60
43.0	0.36	0.67	0.34
90.60
43.0	0.36	0.67	0.35
90.58
43.0	0.36	0.67	0.36
pitch_db/train/rl012.f0ref
43.0	0.36	0.67	0.37
90.55
43.0	0.36	0.67	0.38
pitch_db/train/rl032.f0ref
43.0	0.36	0.67	0.39
pitch_db/train/rl012.f0ref
43.0	0.36	0.67	0.40
pitch_db/train/rl018.f0ref
43.0	0.36	0.67	0.41
pitch_db/train/rl012.f0ref
43.0	0.36	0.67	0.42
90.59
43.0	0.36	0.67	0.43
90.59
43.0	0.36	0.67	0.44
90.62
43.0	0.37	0.67	0.30
90.63
43.0	0.37	0.67	0.31
89.39
43.0	0.37	0.67	0.32
89.56
43.0	0.37	0.67	0.33
89.73
43.0	0.37	0.67	0.34
89.90
43.0	0.37	0.67	0.35
90.01
43.0	0.37	0.67	0.36
90.12
43.0	0.37	0.67	0.37
90.30
43.0	0.37	0.67	0.38
90.50
43.0	0.37	0.67	0.39
90.52
43.0	0.37	0.67	0.40
90.51
43.0	0.37	0.67	0.41
90.56
43.0	0.37	0.67	0.42
90.56
43.0	0.37	0.67	0.43
90.55
43.0	0.37	0.67	0.44
90.57
43.0	0.38	0.67	0.30
89.65
43.0	0.38	0.67	0.31
89.74
43.0	0.38	0.67	0.32
89.83
43.0	0.38	0.67	0.33
90.02
43.0	0.38	0.67	0.34
90.15
43.0	0.38	0.67	0.35
90.19
43.0	0.38	0.67	0.36
90.23
43.0	0.38	0.67	0.37
90.36
43.0	0.38	0.67	0.38
90.45
43.0	0.38	0.67	0.39
90.53
43.0	0.38	0.67	0.40
90.57
43.0	0.38	0.67	0.41
90.61
43.0	0.38	0.67	0.42
90.61
43.0	0.38	0.67	0.43
90.64
43.0	0.38	0.67	0.44
pitch_db/train/rl040.f0ref
43.0	0.39	0.67	0.30
90.36
43.0	0.39	0.67	0.31
90.46
43.0	0.39	0.67	0.32
90.44
43.0	0.39	0.67	0.33
90.51
43.0	0.39	0.67	0.34
90.56
43.0	0.39	0.67	0.35
90.59
43.0	0.39	0.67	0.36
90.58
43.0	0.39	0.67	0.37
90.64
43.0	0.39	0.67	0.38
90.67
43.0	0.39	0.67	0.39
90.67
43.0	0.39	0.67	0.40
90.64
43.0	0.39	0.67	0.41
90.65
43.0	0.39	0.67	0.42
90.62
43.0	0.39	0.67	0.43
pitch_db/train/rl040.f0ref
43.0	0.39	0.67	0.44
90.62
43.0	0.40	0.67	0.30
90.48
43.0	0.40	0.67	0.31
90.51
43.0	0.40	0.67	0.32
90.46
43.0	0.40	0.67	0.33
90.54
43.0	0.40	0.67	0.34
90.59
43.0	0.40	0.67	0.35
90.59
43.0	0.40	0.67	0.36
90.62
43.0	0.40	0.67	0.37
pitch_db/train/rl042.f0ref
43.0	0.40	0.67	0.38
90.58
43.0	0.40	0.67	0.39
90.60
43.0	0.40	0.67	0.40
90.61
