43.0	0.30	0.67	0.45
90.53
43.0	0.30	0.67	0.46
90.55
43.0	0.30	0.67	0.47
90.54
43.0	0.30	0.67	0.48
90.53
43.0	0.30	0.67	0.49
90.50
43.0	0.30	0.67	0.50
90.45
43.0	0.30	0.67	0.51
90.46
43.0	0.30	0.67	0.52
90.40
43.0	0.30	0.67	0.53
90.43
43.0	0.30	0.67	0.54
90.45
43.0	0.30	0.67	0.55
90.43
43.0	0.30	0.67	0.56
90.42
43.0	0.30	0.67	0.57
90.43
43.0	0.30	0.67	0.58
90.39
43.0	0.30	0.67	0.59
90.37
43.0	0.31	0.67	0.45
90.39
43.0	0.31	0.67	0.46
90.41
43.0	0.31	0.67	0.47
90.40
43.0	0.31	0.67	0.48
90.41
43.0	0.31	0.67	0.49
90.46
43.0	0.31	0.67	0.50
pitch_db/train/sb050.f0ref
43.0	0.31	0.67	0.51
pitch_db/train/sb050.f0ref
43.0	0.31	0.67	0.52
90.48
43.0	0.31	0.67	0.53
90.46
43.0	0.31	0.67	0.54
90.42
43.0	0.31	0.67	0.55
90.44
43.0	0.31	0.67	0.56
90.46
43.0	0.31	0.67	0.57
90.50
43.0	0.31	0.67	0.58
90.49
43.0	0.31	0.67	0.59
90.47
43.0	0.32	0.67	0.45
90.47
43.0	0.32	0.67	0.46
90.45
43.0	0.32	0.67	0.47
90.46
43.0	0.32	0.67	0.48
90.46
43.0	0.32	0.67	0.49
90.46
43.0	0.32	0.67	0.50
90.54
43.0	0.32	0.67	0.51
90.52
43.0	0.32	0.67	0.52
90.53
43.0	0.32	0.67	0.53
90.52
43.0	0.32	0.67	0.54
90.57
43.0	0.32	0.67	0.55
90.57
43.0	0.32	0.67	0.56
90.57
43.0	0.32	0.67	0.57
90.52
43.0	0.32	0.67	0.58
90.53
43.0	0.32	0.67	0.59
90.53
43.0	0.33	0.67	0.45
90.55
43.0	0.33	0.67	0.46
90.46
43.0	0.33	0.67	0.47
90.51
43.0	0.33	0.67	0.48
90.54
43.0	0.33	0.67	0.49
90.52
43.0	0.33	0.67	0.50
90.58
43.0	0.33	0.67	0.51
90.61
43.0	0.33	0.67	0.52
90.56
43.0	0.33	0.67	0.53
90.47
43.0	0.33	0.67	0.54
90.48
43.0	0.33	0.67	0.55
90.48
43.0	0.33	0.67	0.56
90.48
43.0	0.33	0.67	0.57
90.54
43.0	0.33	0.67	0.58
90.54
43.0	0.33	0.67	0.59
90.56
43.0	0.34	0.67	0.45
90.57
43.0	0.34	0.67	0.46
90.51
43.0	0.34	0.67	0.47
90.50
43.0	0.34	0.67	0.48
90.50
43.0	0.34	0.67	0.49
90.49
43.0	0.34	0.67	0.50
90.50
43.0	0.34	0.67	0.51
90.48
43.0	0.34	0.67	0.52
90.49
43.0	0.34	0.67	0.53
90.45
43.0	0.34	0.67	0.54
90.47
43.0	0.34	0.67	0.55
90.43
43.0	0.34	0.67	0.56
90.46
43.0	0.34	0.67	0.57
90.53
43.0	0.34	0.67	0.58
90.53
43.0	0.34	0.67	0.59
90.56
43.0	0.35	0.67	0.45
90.56
43.0	0.35	0.67	0.46
90.52
43.0	0.35	0.67	0.47
90.48
43.0	0.35	0.67	0.48
90.49
43.0	0.35	0.67	0.49
90.49
43.0	0.35	0.67	0.50
90.49
43.0	0.35	0.67	0.51
90.49
43.0	0.35	0.67	0.52
90.48
43.0	0.35	0.67	0.53
90.48
43.0	0.35	0.67	0.54
90.49
43.0	0.35	0.67	0.55
90.45
43.0	0.35	0.67	0.56
pitch_db/train/sb042.f0ref
43.0	0.35	0.67	0.57
90.61
43.0	0.35	0.67	0.58
90.57
43.0	0.35	0.67	0.59
90.58
43.0	0.36	0.67	0.45
90.58
43.0	0.36	0.67	0.46
pitch_db/train/sb046.f0ref
43.0	0.36	0.67	0.47
pitch_db/train/sb030.f0ref
43.0	0.36	0.67	0.48
90.44
43.0	0.36	0.67	0.49
90.42
43.0	0.36	0.67	0.50
90.44
43.0	0.36	0.67	0.51
90.56
43.0	0.36	0.67	0.52
90.64
43.0	0.36	0.67	0.53
90.63
43.0	0.36	0.67	0.54
90.66
43.0	0.36	0.67	0.55
88.78
43.0	0.36	0.67	0.56
89.06
43.0	0.36	0.67	0.57
89.23
43.0	0.36	0.67	0.58
89.53
43.0	0.36	0.67	0.59
89.66
43.0	0.37	0.67	0.45
89.93
43.0	0.37	0.67	0.46
90.20
43.0	0.37	0.67	0.47
90.31
43.0	0.37	0.67	0.48
90.41
43.0	0.37	0.67	0.49
90.43
43.0	0.37	0.67	0.50
90.56
43.0	0.37	0.67	0.51
90.55
43.0	0.37	0.67	0.52
pitch_db/train/rl032.f0ref
43.0	0.37	0.67	0.53
pitch_db/train/rl022.f0ref
43.0	0.37	0.67	0.54
88.43
43.0	0.37	0.67	0.55
88.68
43.0	0.37	0.67	0.56
88.93
43.0	0.37	0.67	0.57
89.15
43.0	0.37	0.67	0.58
89.42
43.0	0.37	0.67	0.59
89.51
43.0	0.38	0.67	0.45
89.74
43.0	0.38	0.67	0.46
90.00
43.0	0.38	0.67	0.47
90.22
43.0	0.38	0.67	0.48
90.24
43.0	0.38	0.67	0.49
90.28
43.0	0.38	0.67	0.50
90.34
43.0	0.38	0.67	0.51
90.47
43.0	0.38	0.67	0.52
90.37
43.0	0.38	0.67	0.53
pitch_db/train/sb044.f0ref
43.0	0.38	0.67	0.54
88.36
43.0	0.38	0.67	0.55
88.51
43.0	0.38	0.67	0.56
88.87
43.0	0.38	0.67	0.57
89.08
43.0	0.38	0.67	0.58
89.32
43.0	0.38	0.67	0.59
89.59
43.0	0.39	0.67	0.45
89.76
43.0	0.39	0.67	0.46
89.94
43.0	0.39	0.67	0.47
90.16
43.0	0.39	0.67	0.48
90.23
43.0	0.39	0.67	0.49
90.30
43.0	0.39	0.67	0.50
90.30
43.0	0.39	0.67	0.51
90.29
43.0	0.39	0.67	0.52
90.30
43.0	0.39	0.67	0.53
90.29
43.0	0.39	0.67	0.54
88.50
43.0	0.39	0.67	0.55
88.70
43.0	0.39	0.67	0.56
88.95
43.0	0.39	0.67	0.57
89.23
43.0	0.39	0.67	0.58
89.42
43.0	0.39	0.67	0.59
89.72
43.0	0.40	0.67	0.45
89.82
43.0	0.40	0.67	0.46
89.94
43.0	0.40	0.67	0.47
90.07
43.0	0.40	0.67	0.48
90.19
43.0	0.40	0.67	0.49
90.22
43.0	0.40	0.67	0.50
pitch_db/train/rl050.f0ref
