43.0	0.30	0.67	0.75
90.39
43.0	0.30	0.67	0.76
90.37
43.0	0.30	0.67	0.77
90.36
43.0	0.30	0.67	0.78
90.35
43.0	0.30	0.67	0.79
90.34
43.0	0.30	0.67	0.80
90.35
43.0	0.30	0.67	0.81
90.39
43.0	0.30	0.67	0.82
90.37
43.0	0.30	0.67	0.83
90.39
43.0	0.30	0.67	0.84
90.45
43.0	0.30	0.67	0.85
90.42
43.0	0.30	0.67	0.86
90.42
43.0	0.30	0.67	0.87
90.47
43.0	0.30	0.67	0.88
90.46
43.0	0.30	0.67	0.89
90.45
43.0	0.31	0.67	0.75
90.51
43.0	0.31	0.67	0.76
90.50
43.0	0.31	0.67	0.77
90.48
43.0	0.31	0.67	0.78
90.49
43.0	0.31	0.67	0.79
90.46
43.0	0.31	0.67	0.80
90.48
43.0	0.31	0.67	0.81
90.48
43.0	0.31	0.67	0.82
90.48
43.0	0.31	0.67	0.83
90.55
43.0	0.31	0.67	0.84
90.53
43.0	0.31	0.67	0.85
90.53
43.0	0.31	0.67	0.86
90.51
43.0	0.31	0.67	0.87
90.52
43.0	0.31	0.67	0.88
90.55
43.0	0.31	0.67	0.89
90.52
43.0	0.32	0.67	0.75
90.54
43.0	0.32	0.67	0.76
90.53
43.0	0.32	0.67	0.77
90.53
43.0	0.32	0.67	0.78
90.55
43.0	0.32	0.67	0.79
90.46
43.0	0.32	0.67	0.80
90.51
43.0	0.32	0.67	0.81
90.54
43.0	0.32	0.67	0.82
90.52
43.0	0.32	0.67	0.83
90.58
43.0	0.32	0.67	0.84
90.61
43.0	0.32	0.67	0.85
90.56
43.0	0.32	0.67	0.86
90.54
43.0	0.32	0.67	0.87
90.56
43.0	0.32	0.67	0.88
90.55
43.0	0.32	0.67	0.89
90.56
43.0	0.33	0.67	0.75
90.58
43.0	0.33	0.67	0.76
90.56
43.0	0.33	0.67	0.77
90.58
43.0	0.33	0.67	0.78
90.58
43.0	0.33	0.67	0.79
90.52
43.0	0.33	0.67	0.80
90.51
43.0	0.33	0.67	0.81
90.51
43.0	0.33	0.67	0.82
90.48
43.0	0.33	0.67	0.83
90.51
43.0	0.33	0.67	0.84
90.51
43.0	0.33	0.67	0.85
90.51
43.0	0.33	0.67	0.86
90.48
43.0	0.33	0.67	0.87
90.52
43.0	0.33	0.67	0.88
90.43
43.0	0.33	0.67	0.89
90.47
43.0	0.34	0.67	0.75
90.54
43.0	0.34	0.67	0.76
90.54
43.0	0.34	0.67	0.77
90.55
43.0	0.34	0.67	0.78
90.56
43.0	0.34	0.67	0.79
90.52
43.0	0.34	0.67	0.80
90.50
43.0	0.34	0.67	0.81
90.50
43.0	0.34	0.67	0.82
90.49
43.0	0.34	0.67	0.83
90.49
43.0	0.34	0.67	0.84
90.49
43.0	0.34	0.67	0.85
90.49
43.0	0.34	0.67	0.86
90.48
43.0	0.34	0.67	0.87
90.49
43.0	0.34	0.67	0.88
90.45
43.0	0.34	0.67	0.89
pitch_db/train/sb042.f0ref
43.0	0.35	0.67	0.75
90.61
43.0	0.35	0.67	0.76
90.57
43.0	0.35	0.67	0.77
90.58
43.0	0.35	0.67	0.78
90.58
43.0	0.35	0.67	0.79
pitch_db/train/sb046.f0ref
43.0	0.35	0.67	0.80
pitch_db/train/sb030.f0ref
43.0	0.35	0.67	0.81
90.44
43.0	0.35	0.67	0.82
90.42
43.0	0.35	0.67	0.83
90.44
43.0	0.35	0.67	0.84
90.56
43.0	0.35	0.67	0.85
90.64
43.0	0.35	0.67	0.86
90.63
43.0	0.35	0.67	0.87
90.65
43.0	0.35	0.67	0.88
88.78
43.0	0.35	0.67	0.89
89.06
43.0	0.36	0.67	0.75
89.23
43.0	0.36	0.67	0.76
89.53
43.0	0.36	0.67	0.77
89.66
43.0	0.36	0.67	0.78
89.89
43.0	0.36	0.67	0.79
90.20
43.0	0.36	0.67	0.80
90.32
43.0	0.36	0.67	0.81
90.41
43.0	0.36	0.67	0.82
90.42
43.0	0.36	0.67	0.83
90.53
43.0	0.36	0.67	0.84
90.52
43.0	0.36	0.67	0.85
pitch_db/train/rl032.f0ref
43.0	0.36	0.67	0.86
pitch_db/train/rl022.f0ref
43.0	0.36	0.67	0.87
88.41
43.0	0.36	0.67	0.88
88.68
43.0	0.36	0.67	0.89
88.93
43.0	0.37	0.67	0.75
89.15
43.0	0.37	0.67	0.76
89.41
43.0	0.37	0.67	0.77
89.51
43.0	0.37	0.67	0.78
89.74
43.0	0.37	0.67	0.79
89.99
43.0	0.37	0.67	0.80
90.22
43.0	0.37	0.67	0.81
90.24
43.0	0.37	0.67	0.82
90.28
43.0	0.37	0.67	0.83
90.34
43.0	0.37	0.67	0.84
90.47
43.0	0.37	0.67	0.85
90.37
43.0	0.37	0.67	0.86
pitch_db/train/sb044.f0ref
43.0	0.37	0.67	0.87
88.36
43.0	0.37	0.67	0.88
88.51
43.0	0.37	0.67	0.89
88.87
43.0	0.38	0.67	0.75
89.08
43.0	0.38	0.67	0.76
89.32
43.0	0.38	0.67	0.77
89.59
43.0	0.38	0.67	0.78
89.76
43.0	0.38	0.67	0.79
89.94
43.0	0.38	0.67	0.80
90.16
43.0	0.38	0.67	0.81
90.24
43.0	0.38	0.67	0.82
90.31
43.0	0.38	0.67	0.83
90.29
43.0	0.38	0.67	0.84
pitch_db/train/sb038.f0ref
43.0	0.38	0.67	0.85
90.29
43.0	0.38	0.67	0.86
90.28
43.0	0.38	0.67	0.87
88.45
43.0	0.38	0.67	0.88
88.69
43.0	0.38	0.67	0.89
88.94
43.0	0.39	0.67	0.75
89.22
43.0	0.39	0.67	0.76
89.39
43.0	0.39	0.67	0.77
89.68
43.0	0.39	0.67	0.78
89.81
43.0	0.39	0.67	0.79
89.92
43.0	0.39	0.67	0.80
90.07
43.0	0.39	0.67	0.81
90.19
43.0	0.39	0.67	0.82
90.22
43.0	0.39	0.67	0.83
pitch_db/train/sb042.f0ref
