44.0	0.34	0.67	0.40
89.27
44.0	0.34	0.67	0.41
89.53
44.0	0.34	0.67	0.42
89.66
44.0	0.34	0.67	0.43
89.89
44.0	0.34	0.67	0.44
90.20
44.0	0.34	0.67	0.45
90.32
44.0	0.34	0.67	0.46
90.41
44.0	0.34	0.67	0.47
90.49
44.0	0.34	0.67	0.48
90.57
44.0	0.34	0.67	0.49
90.56
44.0	0.34	0.67	0.50
pitch_db/train/rl032.f0ref
44.0	0.34	0.67	0.51
pitch_db/train/rl022.f0ref
44.0	0.34	0.67	0.52
88.83
44.0	0.34	0.67	0.53
89.08
44.0	0.34	0.67	0.54
89.29
44.0	0.34	0.67	0.55
89.54
44.0	0.34	0.67	0.56
89.69
44.0	0.34	0.67	0.57
89.70
44.0	0.34	0.67	0.58
89.84
44.0	0.34	0.67	0.59
90.04
44.0	0.34	0.67	0.60
90.28
44.0	0.34	0.67	0.61
90.40
44.0	0.34	0.67	0.62
90.45
44.0	0.34	0.67	0.63
90.50
44.0	0.34	0.67	0.64
90.49
44.0	0.34	0.67	0.65
pitch_db/train/rl004.f0ref
44.0	0.34	0.67	0.66
90.48
44.0	0.34	0.67	0.67
89.14
44.0	0.34	0.67	0.68
89.25
44.0	0.34	0.67	0.69
89.35
44.0	0.34	0.67	0.70
pitch_db/train/rl012.f0ref
44.0	0.35	0.67	0.40
pitch_db/train/rl012.f0ref
44.0	0.35	0.67	0.41
89.89
44.0	0.35	0.67	0.42
89.97
44.0	0.35	0.67	0.43
pitch_db/train/rl004.f0ref
44.0	0.35	0.67	0.44
90.33
44.0	0.35	0.67	0.45
90.39
44.0	0.35	0.67	0.46
90.43
44.0	0.35	0.67	0.47
90.48
44.0	0.35	0.67	0.48
90.48
44.0	0.35	0.67	0.49
90.50
44.0	0.35	0.67	0.50
90.50
44.0	0.35	0.67	0.51
89.37
44.0	0.35	0.67	0.52
89.49
44.0	0.35	0.67	0.53
89.57
44.0	0.35	0.67	0.54
89.76
44.0	0.35	0.67	0.55
89.88
44.0	0.35	0.67	0.56
90.01
44.0	0.35	0.67	0.57
90.08
44.0	0.35	0.67	0.58
90.13
44.0	0.35	0.67	0.59
90.22
44.0	0.35	0.67	0.60
pitch_db/train/rl028.f0ref
44.0	0.35	0.67	0.61
90.30
44.0	0.35	0.67	0.62
90.36
44.0	0.35	0.67	0.63
90.62
44.0	0.35	0.67	0.64
90.63
44.0	0.35	0.67	0.65
90.64
44.0	0.35	0.67	0.66
90.63
44.0	0.35	0.67	0.67
90.63
44.0	0.35	0.67	0.68
90.63
44.0	0.35	0.67	0.69
90.63
44.0	0.35	0.67	0.70
90.63
44.0	0.36	0.67	0.40
90.58
44.0	0.36	0.67	0.41
90.63
44.0	0.36	0.67	0.42
90.67
44.0	0.36	0.67	0.43
90.72
44.0	0.36	0.67	0.44
90.75
44.0	0.36	0.67	0.45
90.72
44.0	0.36	0.67	0.46
90.72
44.0	0.36	0.67	0.47
90.72
44.0	0.36	0.67	0.48
90.73
44.0	0.36	0.67	0.49
90.70
44.0	0.36	0.67	0.50
90.66
44.0	0.36	0.67	0.51
90.65
44.0	0.36	0.67	0.52
90.66
44.0	0.36	0.67	0.53
90.63
44.0	0.36	0.67	0.54
90.66
44.0	0.36	0.67	0.55
90.68
44.0	0.36	0.67	0.56
90.68
44.0	0.36	0.67	0.57
90.66
44.0	0.36	0.67	0.58
90.65
44.0	0.36	0.67	0.59
90.64
44.0	0.36	0.67	0.60
90.65
44.0	0.36	0.67	0.61
90.65
44.0	0.36	0.67	0.62
90.65
44.0	0.36	0.67	0.63
90.66
44.0	0.36	0.67	0.64
90.67
44.0	0.36	0.67	0.65
90.66
44.0	0.36	0.67	0.66
90.66
44.0	0.36	0.67	0.67
90.66
44.0	0.36	0.67	0.68
90.66
44.0	0.36	0.67	0.69
90.66
44.0	0.36	0.67	0.70
90.66
44.0	0.37	0.67	0.40
90.57
44.0	0.37	0.67	0.41
90.60
44.0	0.37	0.67	0.42
90.60
44.0	0.37	0.67	0.43
90.64
44.0	0.37	0.67	0.44
90.66
44.0	0.37	0.67	0.45
90.64
44.0	0.37	0.67	0.46
90.63
44.0	0.37	0.67	0.47
90.62
44.0	0.37	0.67	0.48
90.61
44.0	0.37	0.67	0.49
90.60
44.0	0.37	0.67	0.50
90.59
44.0	0.37	0.67	0.51
90.60
44.0	0.37	0.67	0.52
90.60
44.0	0.37	0.67	0.53
90.61
44.0	0.37	0.67	0.54
90.60
44.0	0.37	0.67	0.55
90.62
44.0	0.37	0.67	0.56
90.63
44.0	0.37	0.67	0.57
90.61
44.0	0.37	0.67	0.58
90.62
44.0	0.37	0.67	0.59
90.62
44.0	0.37	0.67	0.60
90.63
44.0	0.37	0.67	0.61
90.62
44.0	0.37	0.67	0.62
90.62
44.0	0.37	0.67	0.63
90.63
44.0	0.37	0.67	0.64
90.64
44.0	0.37	0.67	0.65
90.63
44.0	0.37	0.67	0.66
90.62
44.0	0.37	0.67	0.67
90.62
44.0	0.37	0.67	0.68
90.62
44.0	0.37	0.67	0.69
90.62
44.0	0.37	0.67	0.70
90.62
44.0	0.38	0.67	0.40
90.52
44.0	0.38	0.67	0.41
90.56
44.0	0.38	0.67	0.42
90.56
44.0	0.38	0.67	0.43
90.58
44.0	0.38	0.67	0.44
90.59
